455 #copynumber_states
0,1 0,2 0,3
8 #CNA trees
0,1 0,2 0,2 0,3 1,1 0,1
0,1 0,2 1,1 0,1 1,1 0,3
0,2 0,1 0,2 0,3 1,1 0,2
0,2 0,1 0,3 0,2 1,1 0,3
0,2 0,1 1,1 0,2 1,1 0,3
0,2 0,3 1,1 0,1 1,1 0,2
0,3 0,2 1,1 0,1 1,1 0,3
1,1 0,1 1,1 0,2 1,1 0,3
0,1 0,2 1,0
3 #CNA trees
0,1 0,2 1,1 0,1 1,1 1,0
0,2 0,1 1,1 0,2 1,1 1,0
1,1 0,1 1,1 0,2 1,1 1,0
0,1 0,2 1,1
3 #CNA trees
0,1 0,2 1,1 0,1
0,2 0,1 1,1 0,2
1,1 0,1 1,1 0,2
0,1 0,2 1,2
3 #CNA trees
0,1 0,2 1,1 0,1 1,1 1,2
0,2 0,1 1,1 1,2 1,2 0,2
1,1 0,1 1,1 1,2 1,2 0,2
0,1 0,2 1,3
5 #CNA trees
0,1 0,2 1,1 0,1 1,1 1,3
0,2 0,1 1,1 0,2 1,1 1,3
0,2 0,1 1,1 1,3 1,3 0,2
1,1 0,1 1,1 0,2 1,1 1,3
1,1 0,1 1,1 1,3 1,3 0,2
0,1 0,2 2,0
3 #CNA trees
0,1 0,2 1,1 0,1 1,1 2,0
0,2 0,1 1,1 0,2 1,1 2,0
1,1 0,1 1,1 0,2 1,1 2,0
0,1 0,2 2,1
5 #CNA trees
0,1 0,2 1,1 0,1 1,1 2,1
0,2 0,1 1,1 0,2 1,1 2,1
0,2 0,1 1,1 2,1 2,1 0,2
1,1 0,1 1,1 0,2 1,1 2,1
1,1 0,1 1,1 2,1 2,1 0,2
0,1 0,2 2,2
5 #CNA trees
0,1 0,2 1,1 0,1 1,1 2,2
0,2 0,1 1,1 0,2 1,1 2,2
0,2 0,1 1,1 2,2 2,2 0,2
1,1 0,1 1,1 0,2 1,1 2,2
1,1 0,1 1,1 2,2 2,2 0,2
0,1 0,2 2,3
5 #CNA trees
0,1 0,2 1,1 0,1 1,1 2,3
0,2 0,1 1,1 0,2 1,1 2,3
0,2 0,1 1,1 2,3 2,3 0,2
1,1 0,1 1,1 0,2 1,1 2,3
1,1 0,1 1,1 2,3 2,3 0,2
0,1 0,2 3,0
3 #CNA trees
0,1 0,2 1,1 0,1 1,1 3,0
0,2 0,1 1,1 0,2 1,1 3,0
1,1 0,1 1,1 0,2 1,1 3,0
0,1 0,2 3,1
5 #CNA trees
0,1 0,2 1,1 0,1 1,1 3,1
0,2 0,1 1,1 0,2 1,1 3,1
0,2 0,1 1,1 3,1 3,1 0,2
1,1 0,1 1,1 0,2 1,1 3,1
1,1 0,1 1,1 3,1 3,1 0,2
0,1 0,2 3,2
5 #CNA trees
0,1 0,2 1,1 0,1 1,1 3,2
0,2 0,1 1,1 0,2 1,1 3,2
0,2 0,1 1,1 3,2 3,2 0,2
1,1 0,1 1,1 0,2 1,1 3,2
1,1 0,1 1,1 3,2 3,2 0,2
0,1 0,2 3,3
5 #CNA trees
0,1 0,2 1,1 0,1 1,1 3,3
0,2 0,1 1,1 0,2 1,1 3,3
0,2 0,1 1,1 3,3 3,3 0,2
1,1 0,1 1,1 0,2 1,1 3,3
1,1 0,1 1,1 3,3 3,3 0,2
0,1 0,3 1,0
3 #CNA trees
0,1 0,3 1,1 0,1 1,1 1,0
0,3 0,1 1,1 0,3 1,1 1,0
1,1 0,1 1,1 0,3 1,1 1,0
0,1 0,3 1,1
3 #CNA trees
0,1 0,3 1,1 0,1
0,3 0,1 1,1 0,3
1,1 0,1 1,1 0,3
0,1 0,3 1,2
4 #CNA trees
0,1 0,3 1,1 0,1 1,1 1,2
0,3 0,1 1,1 1,2 1,2 0,3
1,1 0,1 1,1 1,2 1,2 0,3
1,1 1,2 1,2 0,1 1,2 0,3
0,1 0,3 1,3
4 #CNA trees
0,1 0,3 1,1 0,1 1,1 1,3
0,3 0,1 1,1 1,3 1,3 0,3
1,1 0,1 1,1 0,3 1,1 1,3
1,1 0,1 1,1 1,3 1,3 0,3
0,1 0,3 2,0
3 #CNA trees
0,1 0,3 1,1 0,1 1,1 2,0
0,3 0,1 1,1 0,3 1,1 2,0
1,1 0,1 1,1 0,3 1,1 2,0
0,1 0,3 2,1
6 #CNA trees
0,1 0,3 1,1 0,1 1,1 2,1
0,3 0,1 1,1 0,3 1,1 2,1
0,3 0,1 1,1 2,1 2,1 0,3
1,1 0,1 1,1 0,3 1,1 2,1
1,1 0,1 1,1 2,1 2,1 0,3
1,1 2,1 2,1 0,1 2,1 0,3
0,1 0,3 2,2
6 #CNA trees
0,1 0,3 1,1 0,1 1,1 2,2
0,3 0,1 1,1 0,3 1,1 2,2
0,3 0,1 1,1 2,2 2,2 0,3
1,1 0,1 1,1 0,3 1,1 2,2
1,1 0,1 1,1 2,2 2,2 0,3
1,1 2,2 2,2 0,1 2,2 0,3
0,1 0,3 2,3
6 #CNA trees
0,1 0,3 1,1 0,1 1,1 2,3
0,3 0,1 1,1 0,3 1,1 2,3
0,3 0,1 1,1 2,3 2,3 0,3
1,1 0,1 1,1 0,3 1,1 2,3
1,1 0,1 1,1 2,3 2,3 0,3
1,1 2,3 2,3 0,1 2,3 0,3
0,1 0,3 3,0
3 #CNA trees
0,1 0,3 1,1 0,1 1,1 3,0
0,3 0,1 1,1 0,3 1,1 3,0
1,1 0,1 1,1 0,3 1,1 3,0
0,1 0,3 3,1
6 #CNA trees
0,1 0,3 1,1 0,1 1,1 3,1
0,3 0,1 1,1 0,3 1,1 3,1
0,3 0,1 1,1 3,1 3,1 0,3
1,1 0,1 1,1 0,3 1,1 3,1
1,1 0,1 1,1 3,1 3,1 0,3
1,1 3,1 3,1 0,1 3,1 0,3
0,1 0,3 3,2
6 #CNA trees
0,1 0,3 1,1 0,1 1,1 3,2
0,3 0,1 1,1 0,3 1,1 3,2
0,3 0,1 1,1 3,2 3,2 0,3
1,1 0,1 1,1 0,3 1,1 3,2
1,1 0,1 1,1 3,2 3,2 0,3
1,1 3,2 3,2 0,1 3,2 0,3
0,1 0,3 3,3
6 #CNA trees
0,1 0,3 1,1 0,1 1,1 3,3
0,3 0,1 1,1 0,3 1,1 3,3
0,3 0,1 1,1 3,3 3,3 0,3
1,1 0,1 1,1 0,3 1,1 3,3
1,1 0,1 1,1 3,3 3,3 0,3
1,1 3,3 3,3 0,1 3,3 0,3
0,1 1,0 1,1
1 #CNA trees
1,1 0,1 1,1 1,0
0,1 1,0 1,2
2 #CNA trees
1,1 0,1 1,1 1,0 1,1 1,2
1,1 1,0 1,1 1,2 1,2 0,1
0,1 1,0 1,3
2 #CNA trees
1,1 0,1 1,1 1,0 1,1 1,3
1,1 1,0 1,1 1,3 1,3 0,1
0,1 1,0 2,0
3 #CNA trees
1,0 2,0 1,1 0,1 1,1 1,0
1,1 0,1 1,1 1,0 1,1 2,0
1,1 0,1 1,1 2,0 2,0 1,0
0,1 1,0 2,1
2 #CNA trees
1,1 0,1 1,1 1,0 1,1 2,1
1,1 0,1 1,1 2,1 2,1 1,0
0,1 1,0 2,2
3 #CNA trees
1,1 0,1 1,1 1,0 1,1 2,2
1,1 0,1 1,1 2,2 2,2 1,0
1,1 1,0 1,1 2,2 2,2 0,1
0,1 1,0 2,3
3 #CNA trees
1,1 0,1 1,1 1,0 1,1 2,3
1,1 0,1 1,1 2,3 2,3 1,0
1,1 1,0 1,1 2,3 2,3 0,1
0,1 1,0 3,0
3 #CNA trees
1,0 3,0 1,1 0,1 1,1 1,0
1,1 0,1 1,1 1,0 1,1 3,0
1,1 0,1 1,1 3,0 3,0 1,0
0,1 1,0 3,1
2 #CNA trees
1,1 0,1 1,1 1,0 1,1 3,1
1,1 0,1 1,1 3,1 3,1 1,0
0,1 1,0 3,2
3 #CNA trees
1,1 0,1 1,1 1,0 1,1 3,2
1,1 0,1 1,1 3,2 3,2 1,0
1,1 1,0 1,1 3,2 3,2 0,1
0,1 1,0 3,3
3 #CNA trees
1,1 0,1 1,1 1,0 1,1 3,3
1,1 0,1 1,1 3,3 3,3 1,0
1,1 1,0 1,1 3,3 3,3 0,1
0,1 1,1 1,2
2 #CNA trees
1,1 0,1 1,1 1,2
1,1 1,2 1,2 0,1
0,1 1,1 1,3
2 #CNA trees
1,1 0,1 1,1 1,3
1,1 1,3 1,3 0,1
0,1 1,1 2,0
1 #CNA trees
1,1 0,1 1,1 2,0
0,1 1,1 2,1
1 #CNA trees
1,1 0,1 1,1 2,1
0,1 1,1 2,2
2 #CNA trees
1,1 0,1 1,1 2,2
1,1 2,2 2,2 0,1
0,1 1,1 2,3
2 #CNA trees
1,1 0,1 1,1 2,3
1,1 2,3 2,3 0,1
0,1 1,1 3,0
1 #CNA trees
1,1 0,1 1,1 3,0
0,1 1,1 3,1
1 #CNA trees
1,1 0,1 1,1 3,1
0,1 1,1 3,2
2 #CNA trees
1,1 0,1 1,1 3,2
1,1 3,2 3,2 0,1
0,1 1,1 3,3
2 #CNA trees
1,1 0,1 1,1 3,3
1,1 3,3 3,3 0,1
0,1 1,2 1,3
3 #CNA trees
1,1 0,1 1,1 1,2 1,2 1,3
1,1 1,2 1,2 0,1 1,2 1,3
1,1 1,2 1,2 1,3 1,3 0,1
0,1 1,2 2,0
4 #CNA trees
1,1 0,1 1,1 1,2 1,1 2,0
1,1 0,1 1,1 1,2 1,2 2,0
1,1 1,2 1,1 2,0 1,2 0,1
1,1 1,2 1,2 0,1 1,2 2,0
0,1 1,2 2,1
6 #CNA trees
1,1 0,1 1,1 1,2 1,1 2,1
1,1 0,1 1,1 1,2 1,2 2,1
1,1 0,1 1,1 2,1 2,1 1,2
1,1 1,2 1,1 2,1 1,2 0,1
1,1 1,2 1,2 0,1 1,2 2,1
1,1 2,1 1,2 0,1 2,1 1,2
0,1 1,2 2,2
6 #CNA trees
1,1 0,1 1,1 1,2 1,1 2,2
1,1 0,1 1,1 1,2 1,2 2,2
1,1 0,1 1,1 2,2 2,2 1,2
1,1 1,2 1,1 2,2 1,2 0,1
1,1 1,2 1,2 0,1 1,2 2,2
1,1 2,2 1,2 0,1 2,2 1,2
0,1 1,2 2,3
9 #CNA trees
1,1 0,1 1,1 1,2 1,1 2,3
1,1 0,1 1,1 1,2 1,2 2,3
1,1 0,1 1,1 2,3 2,3 1,2
1,1 1,2 1,1 2,3 1,2 0,1
1,1 1,2 1,1 2,3 2,3 0,1
1,1 1,2 1,2 0,1 1,2 2,3
1,1 1,2 1,2 2,3 2,3 0,1
1,1 2,3 1,2 0,1 2,3 1,2
1,1 2,3 2,3 0,1 2,3 1,2
0,1 1,2 3,0
4 #CNA trees
1,1 0,1 1,1 1,2 1,1 3,0
1,1 0,1 1,1 1,2 1,2 3,0
1,1 1,2 1,1 3,0 1,2 0,1
1,1 1,2 1,2 0,1 1,2 3,0
0,1 1,2 3,1
6 #CNA trees
1,1 0,1 1,1 1,2 1,1 3,1
1,1 0,1 1,1 1,2 1,2 3,1
1,1 0,1 1,1 3,1 3,1 1,2
1,1 1,2 1,1 3,1 1,2 0,1
1,1 1,2 1,2 0,1 1,2 3,1
1,1 3,1 1,2 0,1 3,1 1,2
0,1 1,2 3,2
6 #CNA trees
1,1 0,1 1,1 1,2 1,1 3,2
1,1 0,1 1,1 1,2 1,2 3,2
1,1 0,1 1,1 3,2 3,2 1,2
1,1 1,2 1,1 3,2 1,2 0,1
1,1 1,2 1,2 0,1 1,2 3,2
1,1 3,2 1,2 0,1 3,2 1,2
0,1 1,2 3,3
9 #CNA trees
1,1 0,1 1,1 1,2 1,1 3,3
1,1 0,1 1,1 1,2 1,2 3,3
1,1 0,1 1,1 3,3 3,3 1,2
1,1 1,2 1,1 3,3 1,2 0,1
1,1 1,2 1,1 3,3 3,3 0,1
1,1 1,2 1,2 0,1 1,2 3,3
1,1 1,2 1,2 3,3 3,3 0,1
1,1 3,3 1,2 0,1 3,3 1,2
1,1 3,3 3,3 0,1 3,3 1,2
0,1 1,3 2,0
4 #CNA trees
1,1 0,1 1,1 1,3 1,1 2,0
1,1 0,1 1,1 1,3 1,3 2,0
1,1 1,3 1,1 2,0 1,3 0,1
1,1 1,3 1,3 0,1 1,3 2,0
0,1 1,3 2,1
7 #CNA trees
1,1 0,1 1,1 1,3 1,1 2,1
1,1 0,1 1,1 1,3 1,3 2,1
1,1 0,1 1,1 2,1 2,1 1,3
1,1 1,3 1,1 2,1 1,3 0,1
1,1 1,3 1,3 0,1 1,3 2,1
1,1 2,1 1,3 0,1 2,1 1,3
1,1 2,1 2,1 0,1 2,1 1,3
0,1 1,3 2,2
7 #CNA trees
1,1 0,1 1,1 1,3 1,1 2,2
1,1 0,1 1,1 1,3 1,3 2,2
1,1 0,1 1,1 2,2 2,2 1,3
1,1 1,3 1,1 2,2 1,3 0,1
1,1 1,3 1,3 0,1 1,3 2,2
1,1 2,2 1,3 0,1 2,2 1,3
1,1 2,2 2,2 0,1 2,2 1,3
0,1 1,3 2,3
6 #CNA trees
1,1 0,1 1,1 1,3 1,1 2,3
1,1 0,1 1,1 1,3 1,3 2,3
1,1 0,1 1,1 2,3 2,3 1,3
1,1 1,3 1,1 2,3 1,3 0,1
1,1 1,3 1,3 0,1 1,3 2,3
1,1 2,3 1,3 0,1 2,3 1,3
0,1 1,3 3,0
4 #CNA trees
1,1 0,1 1,1 1,3 1,1 3,0
1,1 0,1 1,1 1,3 1,3 3,0
1,1 1,3 1,1 3,0 1,3 0,1
1,1 1,3 1,3 0,1 1,3 3,0
0,1 1,3 3,1
7 #CNA trees
1,1 0,1 1,1 1,3 1,1 3,1
1,1 0,1 1,1 1,3 1,3 3,1
1,1 0,1 1,1 3,1 3,1 1,3
1,1 1,3 1,1 3,1 1,3 0,1
1,1 1,3 1,3 0,1 1,3 3,1
1,1 3,1 1,3 0,1 3,1 1,3
1,1 3,1 3,1 0,1 3,1 1,3
0,1 1,3 3,2
7 #CNA trees
1,1 0,1 1,1 1,3 1,1 3,2
1,1 0,1 1,1 1,3 1,3 3,2
1,1 0,1 1,1 3,2 3,2 1,3
1,1 1,3 1,1 3,2 1,3 0,1
1,1 1,3 1,3 0,1 1,3 3,2
1,1 3,2 1,3 0,1 3,2 1,3
1,1 3,2 3,2 0,1 3,2 1,3
0,1 1,3 3,3
7 #CNA trees
1,1 0,1 1,1 1,3 1,1 3,3
1,1 0,1 1,1 1,3 1,3 3,3
1,1 0,1 1,1 3,3 3,3 1,3
1,1 1,3 1,1 3,3 1,3 0,1
1,1 1,3 1,3 0,1 1,3 3,3
1,1 3,3 1,3 0,1 3,3 1,3
1,1 3,3 3,3 0,1 3,3 1,3
0,1 2,0 2,1
2 #CNA trees
1,1 0,1 1,1 2,0 1,1 2,1
1,1 0,1 1,1 2,1 2,1 2,0
0,1 2,0 2,2
3 #CNA trees
1,1 0,1 1,1 2,0 1,1 2,2
1,1 0,1 1,1 2,2 2,2 2,0
1,1 2,0 1,1 2,2 2,2 0,1
0,1 2,0 2,3
3 #CNA trees
1,1 0,1 1,1 2,0 1,1 2,3
1,1 0,1 1,1 2,3 2,3 2,0
1,1 2,0 1,1 2,3 2,3 0,1
0,1 2,0 3,0
3 #CNA trees
1,1 0,1 1,1 2,0 1,1 3,0
1,1 0,1 1,1 2,0 2,0 3,0
1,1 0,1 1,1 3,0 3,0 2,0
0,1 2,0 3,1
2 #CNA trees
1,1 0,1 1,1 2,0 1,1 3,1
1,1 0,1 1,1 3,1 3,1 2,0
0,1 2,0 3,2
3 #CNA trees
1,1 0,1 1,1 2,0 1,1 3,2
1,1 0,1 1,1 3,2 3,2 2,0
1,1 2,0 1,1 3,2 3,2 0,1
0,1 2,0 3,3
3 #CNA trees
1,1 0,1 1,1 2,0 1,1 3,3
1,1 0,1 1,1 3,3 3,3 2,0
1,1 2,0 1,1 3,3 3,3 0,1
0,1 2,1 2,2
4 #CNA trees
1,1 0,1 1,1 2,1 1,1 2,2
1,1 0,1 1,1 2,1 2,1 2,2
1,1 0,1 1,1 2,2 2,2 2,1
1,1 2,1 2,1 2,2 2,2 0,1
0,1 2,1 2,3
6 #CNA trees
1,1 0,1 1,1 2,1 1,1 2,3
1,1 0,1 1,1 2,1 2,1 2,3
1,1 0,1 1,1 2,3 2,3 2,1
1,1 2,1 1,1 2,3 2,3 0,1
1,1 2,1 2,1 0,1 2,1 2,3
1,1 2,1 2,1 2,3 2,3 0,1
0,1 2,1 3,0
2 #CNA trees
1,1 0,1 1,1 2,1 1,1 3,0
1,1 0,1 1,1 2,1 2,1 3,0
0,1 2,1 3,1
1 #CNA trees
1,1 0,1 1,1 2,1 2,1 3,1
0,1 2,1 3,2
5 #CNA trees
1,1 0,1 1,1 2,1 1,1 3,2
1,1 0,1 1,1 2,1 2,1 3,2
1,1 0,1 1,1 3,2 3,2 2,1
1,1 2,1 2,1 0,1 2,1 3,2
1,1 2,1 2,1 3,2 3,2 0,1
0,1 2,1 3,3
6 #CNA trees
1,1 0,1 1,1 2,1 1,1 3,3
1,1 0,1 1,1 2,1 2,1 3,3
1,1 0,1 1,1 3,3 3,3 2,1
1,1 2,1 1,1 3,3 3,3 0,1
1,1 2,1 2,1 0,1 2,1 3,3
1,1 2,1 2,1 3,3 3,3 0,1
0,1 2,2 2,3
5 #CNA trees
1,1 0,1 1,1 2,2 1,1 2,3
1,1 0,1 1,1 2,2 2,2 2,3
1,1 0,1 1,1 2,3 2,3 2,2
1,1 2,2 2,2 0,1 2,2 2,3
1,1 2,2 2,2 2,3 2,3 0,1
0,1 2,2 3,0
4 #CNA trees
1,1 0,1 1,1 2,2 1,1 3,0
1,1 0,1 1,1 2,2 2,2 3,0
1,1 2,2 1,1 3,0 2,2 0,1
1,1 2,2 2,2 0,1 2,2 3,0
0,1 2,2 3,1
6 #CNA trees
1,1 0,1 1,1 2,2 1,1 3,1
1,1 0,1 1,1 2,2 2,2 3,1
1,1 0,1 1,1 3,1 3,1 2,2
1,1 2,2 1,1 3,1 2,2 0,1
1,1 2,2 2,2 0,1 2,2 3,1
1,1 3,1 2,2 0,1 3,1 2,2
0,1 2,2 3,2
6 #CNA trees
1,1 0,1 1,1 2,2 1,1 3,2
1,1 0,1 1,1 2,2 2,2 3,2
1,1 0,1 1,1 3,2 3,2 2,2
1,1 2,2 1,1 3,2 2,2 0,1
1,1 2,2 2,2 0,1 2,2 3,2
1,1 3,2 2,2 0,1 3,2 2,2
0,1 2,2 3,3
9 #CNA trees
1,1 0,1 1,1 2,2 1,1 3,3
1,1 0,1 1,1 2,2 2,2 3,3
1,1 0,1 1,1 3,3 3,3 2,2
1,1 2,2 1,1 3,3 2,2 0,1
1,1 2,2 1,1 3,3 3,3 0,1
1,1 2,2 2,2 0,1 2,2 3,3
1,1 2,2 2,2 3,3 3,3 0,1
1,1 3,3 2,2 0,1 3,3 2,2
1,1 3,3 3,3 0,1 3,3 2,2
0,1 2,3 3,0
4 #CNA trees
1,1 0,1 1,1 2,3 1,1 3,0
1,1 0,1 1,1 2,3 2,3 3,0
1,1 2,3 1,1 3,0 2,3 0,1
1,1 2,3 2,3 0,1 2,3 3,0
0,1 2,3 3,1
7 #CNA trees
1,1 0,1 1,1 2,3 1,1 3,1
1,1 0,1 1,1 2,3 2,3 3,1
1,1 0,1 1,1 3,1 3,1 2,3
1,1 2,3 1,1 3,1 2,3 0,1
1,1 2,3 2,3 0,1 2,3 3,1
1,1 3,1 2,3 0,1 3,1 2,3
1,1 3,1 3,1 0,1 3,1 2,3
0,1 2,3 3,2
7 #CNA trees
1,1 0,1 1,1 2,3 1,1 3,2
1,1 0,1 1,1 2,3 2,3 3,2
1,1 0,1 1,1 3,2 3,2 2,3
1,1 2,3 1,1 3,2 2,3 0,1
1,1 2,3 2,3 0,1 2,3 3,2
1,1 3,2 2,3 0,1 3,2 2,3
1,1 3,2 3,2 0,1 3,2 2,3
0,1 2,3 3,3
6 #CNA trees
1,1 0,1 1,1 2,3 1,1 3,3
1,1 0,1 1,1 2,3 2,3 3,3
1,1 0,1 1,1 3,3 3,3 2,3
1,1 2,3 1,1 3,3 2,3 0,1
1,1 2,3 2,3 0,1 2,3 3,3
1,1 3,3 2,3 0,1 3,3 2,3
0,1 3,0 3,1
2 #CNA trees
1,1 0,1 1,1 3,0 1,1 3,1
1,1 0,1 1,1 3,1 3,1 3,0
0,1 3,0 3,2
3 #CNA trees
1,1 0,1 1,1 3,0 1,1 3,2
1,1 0,1 1,1 3,2 3,2 3,0
1,1 3,0 1,1 3,2 3,2 0,1
0,1 3,0 3,3
3 #CNA trees
1,1 0,1 1,1 3,0 1,1 3,3
1,1 0,1 1,1 3,3 3,3 3,0
1,1 3,0 1,1 3,3 3,3 0,1
0,1 3,1 3,2
4 #CNA trees
1,1 0,1 1,1 3,1 1,1 3,2
1,1 0,1 1,1 3,1 3,1 3,2
1,1 0,1 1,1 3,2 3,2 3,1
1,1 3,1 3,1 3,2 3,2 0,1
0,1 3,1 3,3
6 #CNA trees
1,1 0,1 1,1 3,1 1,1 3,3
1,1 0,1 1,1 3,1 3,1 3,3
1,1 0,1 1,1 3,3 3,3 3,1
1,1 3,1 1,1 3,3 3,3 0,1
1,1 3,1 3,1 0,1 3,1 3,3
1,1 3,1 3,1 3,3 3,3 0,1
0,1 3,2 3,3
5 #CNA trees
1,1 0,1 1,1 3,2 1,1 3,3
1,1 0,1 1,1 3,2 3,2 3,3
1,1 0,1 1,1 3,3 3,3 3,2
1,1 3,2 3,2 0,1 3,2 3,3
1,1 3,2 3,2 3,3 3,3 0,1
0,2 0,3 1,0
3 #CNA trees
0,2 0,3 1,1 0,2 1,1 1,0
0,3 0,2 1,1 0,3 1,1 1,0
1,1 0,2 1,1 0,3 1,1 1,0
0,2 0,3 1,1
3 #CNA trees
0,2 0,3 1,1 0,2
0,3 0,2 1,1 0,3
1,1 0,2 1,1 0,3
0,2 0,3 1,2
5 #CNA trees
0,2 0,3 1,1 0,2 1,1 1,2
0,2 0,3 1,1 1,2 1,2 0,2
0,3 0,2 1,1 1,2 1,2 0,3
1,1 0,2 1,1 1,2 1,2 0,3
1,1 1,2 1,2 0,2 1,2 0,3
0,2 0,3 1,3
3 #CNA trees
0,2 0,3 1,1 0,2 1,1 1,3
0,3 0,2 1,1 1,3 1,3 0,3
1,1 0,2 1,1 1,3 1,3 0,3
0,2 0,3 2,0
3 #CNA trees
0,2 0,3 1,1 0,2 1,1 2,0
0,3 0,2 1,1 0,3 1,1 2,0
1,1 0,2 1,1 0,3 1,1 2,0
0,2 0,3 2,1
7 #CNA trees
0,2 0,3 1,1 0,2 1,1 2,1
0,2 0,3 1,1 2,1 2,1 0,2
0,3 0,2 1,1 0,3 1,1 2,1
0,3 0,2 1,1 2,1 2,1 0,3
1,1 0,2 1,1 0,3 1,1 2,1
1,1 0,2 1,1 2,1 2,1 0,3
1,1 2,1 2,1 0,2 2,1 0,3
0,2 0,3 2,2
7 #CNA trees
0,2 0,3 1,1 0,2 1,1 2,2
0,2 0,3 1,1 2,2 2,2 0,2
0,3 0,2 1,1 0,3 1,1 2,2
0,3 0,2 1,1 2,2 2,2 0,3
1,1 0,2 1,1 0,3 1,1 2,2
1,1 0,2 1,1 2,2 2,2 0,3
1,1 2,2 2,2 0,2 2,2 0,3
0,2 0,3 2,3
7 #CNA trees
0,2 0,3 1,1 0,2 1,1 2,3
0,2 0,3 1,1 2,3 2,3 0,2
0,3 0,2 1,1 0,3 1,1 2,3
0,3 0,2 1,1 2,3 2,3 0,3
1,1 0,2 1,1 0,3 1,1 2,3
1,1 0,2 1,1 2,3 2,3 0,3
1,1 2,3 2,3 0,2 2,3 0,3
0,2 0,3 3,0
3 #CNA trees
0,2 0,3 1,1 0,2 1,1 3,0
0,3 0,2 1,1 0,3 1,1 3,0
1,1 0,2 1,1 0,3 1,1 3,0
0,2 0,3 3,1
7 #CNA trees
0,2 0,3 1,1 0,2 1,1 3,1
0,2 0,3 1,1 3,1 3,1 0,2
0,3 0,2 1,1 0,3 1,1 3,1
0,3 0,2 1,1 3,1 3,1 0,3
1,1 0,2 1,1 0,3 1,1 3,1
1,1 0,2 1,1 3,1 3,1 0,3
1,1 3,1 3,1 0,2 3,1 0,3
0,2 0,3 3,2
7 #CNA trees
0,2 0,3 1,1 0,2 1,1 3,2
0,2 0,3 1,1 3,2 3,2 0,2
0,3 0,2 1,1 0,3 1,1 3,2
0,3 0,2 1,1 3,2 3,2 0,3
1,1 0,2 1,1 0,3 1,1 3,2
1,1 0,2 1,1 3,2 3,2 0,3
1,1 3,2 3,2 0,2 3,2 0,3
0,2 0,3 3,3
7 #CNA trees
0,2 0,3 1,1 0,2 1,1 3,3
0,2 0,3 1,1 3,3 3,3 0,2
0,3 0,2 1,1 0,3 1,1 3,3
0,3 0,2 1,1 3,3 3,3 0,3
1,1 0,2 1,1 0,3 1,1 3,3
1,1 0,2 1,1 3,3 3,3 0,3
1,1 3,3 3,3 0,2 3,3 0,3
0,2 1,0 1,1
1 #CNA trees
1,1 0,2 1,1 1,0
0,2 1,0 1,2
2 #CNA trees
1,1 0,2 1,1 1,0 1,1 1,2
1,1 1,0 1,1 1,2 1,2 0,2
0,2 1,0 1,3
2 #CNA trees
1,1 0,2 1,1 1,0 1,1 1,3
1,1 1,0 1,1 1,3 1,3 0,2
0,2 1,0 2,0
3 #CNA trees
1,0 2,0 1,1 0,2 1,1 1,0
1,1 0,2 1,1 1,0 1,1 2,0
1,1 0,2 1,1 2,0 2,0 1,0
0,2 1,0 2,1
4 #CNA trees
1,1 0,2 1,1 1,0 1,1 2,1
1,1 0,2 1,1 2,1 2,1 1,0
1,1 1,0 1,1 2,1 2,1 0,2
1,1 2,1 2,1 0,2 2,1 1,0
0,2 1,0 2,2
3 #CNA trees
1,1 0,2 1,1 1,0 1,1 2,2
1,1 0,2 1,1 2,2 2,2 1,0
1,1 1,0 1,1 2,2 2,2 0,2
0,2 1,0 2,3
3 #CNA trees
1,1 0,2 1,1 1,0 1,1 2,3
1,1 0,2 1,1 2,3 2,3 1,0
1,1 1,0 1,1 2,3 2,3 0,2
0,2 1,0 3,0
3 #CNA trees
1,0 3,0 1,1 0,2 1,1 1,0
1,1 0,2 1,1 1,0 1,1 3,0
1,1 0,2 1,1 3,0 3,0 1,0
0,2 1,0 3,1
4 #CNA trees
1,1 0,2 1,1 1,0 1,1 3,1
1,1 0,2 1,1 3,1 3,1 1,0
1,1 1,0 1,1 3,1 3,1 0,2
1,1 3,1 3,1 0,2 3,1 1,0
0,2 1,0 3,2
3 #CNA trees
1,1 0,2 1,1 1,0 1,1 3,2
1,1 0,2 1,1 3,2 3,2 1,0
1,1 1,0 1,1 3,2 3,2 0,2
0,2 1,0 3,3
3 #CNA trees
1,1 0,2 1,1 1,0 1,1 3,3
1,1 0,2 1,1 3,3 3,3 1,0
1,1 1,0 1,1 3,3 3,3 0,2
0,2 1,1 1,2
2 #CNA trees
1,1 0,2 1,1 1,2
1,1 1,2 1,2 0,2
0,2 1,1 1,3
2 #CNA trees
1,1 0,2 1,1 1,3
1,1 1,3 1,3 0,2
0,2 1,1 2,0
1 #CNA trees
1,1 0,2 1,1 2,0
0,2 1,1 2,1
2 #CNA trees
1,1 0,2 1,1 2,1
1,1 2,1 2,1 0,2
0,2 1,1 2,2
2 #CNA trees
1,1 0,2 1,1 2,2
1,1 2,2 2,2 0,2
0,2 1,1 2,3
2 #CNA trees
1,1 0,2 1,1 2,3
1,1 2,3 2,3 0,2
0,2 1,1 3,0
1 #CNA trees
1,1 0,2 1,1 3,0
0,2 1,1 3,1
2 #CNA trees
1,1 0,2 1,1 3,1
1,1 3,1 3,1 0,2
0,2 1,1 3,2
2 #CNA trees
1,1 0,2 1,1 3,2
1,1 3,2 3,2 0,2
0,2 1,1 3,3
2 #CNA trees
1,1 0,2 1,1 3,3
1,1 3,3 3,3 0,2
0,2 1,2 1,3
3 #CNA trees
1,1 0,2 1,1 1,2 1,2 1,3
1,1 1,2 1,2 0,2 1,2 1,3
1,1 1,2 1,2 1,3 1,3 0,2
0,2 1,2 2,0
4 #CNA trees
1,1 0,2 1,1 1,2 1,1 2,0
1,1 0,2 1,1 1,2 1,2 2,0
1,1 1,2 1,1 2,0 1,2 0,2
1,1 1,2 1,2 0,2 1,2 2,0
0,2 1,2 2,1
6 #CNA trees
1,1 0,2 1,1 1,2 1,1 2,1
1,1 0,2 1,1 1,2 1,2 2,1
1,1 0,2 1,1 2,1 2,1 1,2
1,1 1,2 1,1 2,1 1,2 0,2
1,1 1,2 1,2 0,2 1,2 2,1
1,1 2,1 1,2 0,2 2,1 1,2
0,2 1,2 2,2
6 #CNA trees
1,1 0,2 1,1 1,2 1,1 2,2
1,1 0,2 1,1 1,2 1,2 2,2
1,1 0,2 1,1 2,2 2,2 1,2
1,1 1,2 1,1 2,2 1,2 0,2
1,1 1,2 1,2 0,2 1,2 2,2
1,1 2,2 1,2 0,2 2,2 1,2
0,2 1,2 2,3
9 #CNA trees
1,1 0,2 1,1 1,2 1,1 2,3
1,1 0,2 1,1 1,2 1,2 2,3
1,1 0,2 1,1 2,3 2,3 1,2
1,1 1,2 1,1 2,3 1,2 0,2
1,1 1,2 1,1 2,3 2,3 0,2
1,1 1,2 1,2 0,2 1,2 2,3
1,1 1,2 1,2 2,3 2,3 0,2
1,1 2,3 1,2 0,2 2,3 1,2
1,1 2,3 2,3 0,2 2,3 1,2
0,2 1,2 3,0
4 #CNA trees
1,1 0,2 1,1 1,2 1,1 3,0
1,1 0,2 1,1 1,2 1,2 3,0
1,1 1,2 1,1 3,0 1,2 0,2
1,1 1,2 1,2 0,2 1,2 3,0
0,2 1,2 3,1
6 #CNA trees
1,1 0,2 1,1 1,2 1,1 3,1
1,1 0,2 1,1 1,2 1,2 3,1
1,1 0,2 1,1 3,1 3,1 1,2
1,1 1,2 1,1 3,1 1,2 0,2
1,1 1,2 1,2 0,2 1,2 3,1
1,1 3,1 1,2 0,2 3,1 1,2
0,2 1,2 3,2
6 #CNA trees
1,1 0,2 1,1 1,2 1,1 3,2
1,1 0,2 1,1 1,2 1,2 3,2
1,1 0,2 1,1 3,2 3,2 1,2
1,1 1,2 1,1 3,2 1,2 0,2
1,1 1,2 1,2 0,2 1,2 3,2
1,1 3,2 1,2 0,2 3,2 1,2
0,2 1,2 3,3
9 #CNA trees
1,1 0,2 1,1 1,2 1,1 3,3
1,1 0,2 1,1 1,2 1,2 3,3
1,1 0,2 1,1 3,3 3,3 1,2
1,1 1,2 1,1 3,3 1,2 0,2
1,1 1,2 1,1 3,3 3,3 0,2
1,1 1,2 1,2 0,2 1,2 3,3
1,1 1,2 1,2 3,3 3,3 0,2
1,1 3,3 1,2 0,2 3,3 1,2
1,1 3,3 3,3 0,2 3,3 1,2
0,2 1,3 2,0
4 #CNA trees
1,1 0,2 1,1 1,3 1,1 2,0
1,1 0,2 1,1 1,3 1,3 2,0
1,1 1,3 1,1 2,0 1,3 0,2
1,1 1,3 1,3 0,2 1,3 2,0
0,2 1,3 2,1
7 #CNA trees
1,1 0,2 1,1 1,3 1,1 2,1
1,1 0,2 1,1 1,3 1,3 2,1
1,1 0,2 1,1 2,1 2,1 1,3
1,1 1,3 1,1 2,1 1,3 0,2
1,1 1,3 1,3 0,2 1,3 2,1
1,1 2,1 1,3 0,2 2,1 1,3
1,1 2,1 2,1 0,2 2,1 1,3
0,2 1,3 2,2
7 #CNA trees
1,1 0,2 1,1 1,3 1,1 2,2
1,1 0,2 1,1 1,3 1,3 2,2
1,1 0,2 1,1 2,2 2,2 1,3
1,1 1,3 1,1 2,2 1,3 0,2
1,1 1,3 1,3 0,2 1,3 2,2
1,1 2,2 1,3 0,2 2,2 1,3
1,1 2,2 2,2 0,2 2,2 1,3
0,2 1,3 2,3
6 #CNA trees
1,1 0,2 1,1 1,3 1,1 2,3
1,1 0,2 1,1 1,3 1,3 2,3
1,1 0,2 1,1 2,3 2,3 1,3
1,1 1,3 1,1 2,3 1,3 0,2
1,1 1,3 1,3 0,2 1,3 2,3
1,1 2,3 1,3 0,2 2,3 1,3
0,2 1,3 3,0
4 #CNA trees
1,1 0,2 1,1 1,3 1,1 3,0
1,1 0,2 1,1 1,3 1,3 3,0
1,1 1,3 1,1 3,0 1,3 0,2
1,1 1,3 1,3 0,2 1,3 3,0
0,2 1,3 3,1
7 #CNA trees
1,1 0,2 1,1 1,3 1,1 3,1
1,1 0,2 1,1 1,3 1,3 3,1
1,1 0,2 1,1 3,1 3,1 1,3
1,1 1,3 1,1 3,1 1,3 0,2
1,1 1,3 1,3 0,2 1,3 3,1
1,1 3,1 1,3 0,2 3,1 1,3
1,1 3,1 3,1 0,2 3,1 1,3
0,2 1,3 3,2
7 #CNA trees
1,1 0,2 1,1 1,3 1,1 3,2
1,1 0,2 1,1 1,3 1,3 3,2
1,1 0,2 1,1 3,2 3,2 1,3
1,1 1,3 1,1 3,2 1,3 0,2
1,1 1,3 1,3 0,2 1,3 3,2
1,1 3,2 1,3 0,2 3,2 1,3
1,1 3,2 3,2 0,2 3,2 1,3
0,2 1,3 3,3
7 #CNA trees
1,1 0,2 1,1 1,3 1,1 3,3
1,1 0,2 1,1 1,3 1,3 3,3
1,1 0,2 1,1 3,3 3,3 1,3
1,1 1,3 1,1 3,3 1,3 0,2
1,1 1,3 1,3 0,2 1,3 3,3
1,1 3,3 1,3 0,2 3,3 1,3
1,1 3,3 3,3 0,2 3,3 1,3
0,2 2,0 2,1
4 #CNA trees
1,1 0,2 1,1 2,0 1,1 2,1
1,1 0,2 1,1 2,1 2,1 2,0
1,1 2,0 1,1 2,1 2,1 0,2
1,1 2,1 2,1 0,2 2,1 2,0
0,2 2,0 2,2
3 #CNA trees
1,1 0,2 1,1 2,0 1,1 2,2
1,1 0,2 1,1 2,2 2,2 2,0
1,1 2,0 1,1 2,2 2,2 0,2
0,2 2,0 2,3
3 #CNA trees
1,1 0,2 1,1 2,0 1,1 2,3
1,1 0,2 1,1 2,3 2,3 2,0
1,1 2,0 1,1 2,3 2,3 0,2
0,2 2,0 3,0
3 #CNA trees
1,1 0,2 1,1 2,0 1,1 3,0
1,1 0,2 1,1 2,0 2,0 3,0
1,1 0,2 1,1 3,0 3,0 2,0
0,2 2,0 3,1
4 #CNA trees
1,1 0,2 1,1 2,0 1,1 3,1
1,1 0,2 1,1 3,1 3,1 2,0
1,1 2,0 1,1 3,1 3,1 0,2
1,1 3,1 3,1 0,2 3,1 2,0
0,2 2,0 3,2
3 #CNA trees
1,1 0,2 1,1 2,0 1,1 3,2
1,1 0,2 1,1 3,2 3,2 2,0
1,1 2,0 1,1 3,2 3,2 0,2
0,2 2,0 3,3
3 #CNA trees
1,1 0,2 1,1 2,0 1,1 3,3
1,1 0,2 1,1 3,3 3,3 2,0
1,1 2,0 1,1 3,3 3,3 0,2
0,2 2,1 2,2
4 #CNA trees
1,1 0,2 1,1 2,1 1,1 2,2
1,1 0,2 1,1 2,1 2,1 2,2
1,1 0,2 1,1 2,2 2,2 2,1
1,1 2,1 2,1 2,2 2,2 0,2
0,2 2,1 2,3
6 #CNA trees
1,1 0,2 1,1 2,1 1,1 2,3
1,1 0,2 1,1 2,1 2,1 2,3
1,1 0,2 1,1 2,3 2,3 2,1
1,1 2,1 1,1 2,3 2,3 0,2
1,1 2,1 2,1 0,2 2,1 2,3
1,1 2,1 2,1 2,3 2,3 0,2
0,2 2,1 3,0
4 #CNA trees
1,1 0,2 1,1 2,1 1,1 3,0
1,1 0,2 1,1 2,1 2,1 3,0
1,1 2,1 1,1 3,0 2,1 0,2
1,1 2,1 2,1 0,2 2,1 3,0
0,2 2,1 3,1
5 #CNA trees
1,1 0,2 1,1 2,1 1,1 3,1
1,1 0,2 1,1 2,1 2,1 3,1
1,1 0,2 1,1 3,1 3,1 2,1
1,1 2,1 2,1 0,2 2,1 3,1
1,1 2,1 2,1 3,1 3,1 0,2
0,2 2,1 3,2
5 #CNA trees
1,1 0,2 1,1 2,1 1,1 3,2
1,1 0,2 1,1 2,1 2,1 3,2
1,1 0,2 1,1 3,2 3,2 2,1
1,1 2,1 2,1 0,2 2,1 3,2
1,1 2,1 2,1 3,2 3,2 0,2
0,2 2,1 3,3
6 #CNA trees
1,1 0,2 1,1 2,1 1,1 3,3
1,1 0,2 1,1 2,1 2,1 3,3
1,1 0,2 1,1 3,3 3,3 2,1
1,1 2,1 1,1 3,3 3,3 0,2
1,1 2,1 2,1 0,2 2,1 3,3
1,1 2,1 2,1 3,3 3,3 0,2
0,2 2,2 2,3
5 #CNA trees
1,1 0,2 1,1 2,2 1,1 2,3
1,1 0,2 1,1 2,2 2,2 2,3
1,1 0,2 1,1 2,3 2,3 2,2
1,1 2,2 2,2 0,2 2,2 2,3
1,1 2,2 2,2 2,3 2,3 0,2
0,2 2,2 3,0
4 #CNA trees
1,1 0,2 1,1 2,2 1,1 3,0
1,1 0,2 1,1 2,2 2,2 3,0
1,1 2,2 1,1 3,0 2,2 0,2
1,1 2,2 2,2 0,2 2,2 3,0
0,2 2,2 3,1
6 #CNA trees
1,1 0,2 1,1 2,2 1,1 3,1
1,1 0,2 1,1 2,2 2,2 3,1
1,1 0,2 1,1 3,1 3,1 2,2
1,1 2,2 1,1 3,1 2,2 0,2
1,1 2,2 2,2 0,2 2,2 3,1
1,1 3,1 2,2 0,2 3,1 2,2
0,2 2,2 3,2
6 #CNA trees
1,1 0,2 1,1 2,2 1,1 3,2
1,1 0,2 1,1 2,2 2,2 3,2
1,1 0,2 1,1 3,2 3,2 2,2
1,1 2,2 1,1 3,2 2,2 0,2
1,1 2,2 2,2 0,2 2,2 3,2
1,1 3,2 2,2 0,2 3,2 2,2
0,2 2,2 3,3
9 #CNA trees
1,1 0,2 1,1 2,2 1,1 3,3
1,1 0,2 1,1 2,2 2,2 3,3
1,1 0,2 1,1 3,3 3,3 2,2
1,1 2,2 1,1 3,3 2,2 0,2
1,1 2,2 1,1 3,3 3,3 0,2
1,1 2,2 2,2 0,2 2,2 3,3
1,1 2,2 2,2 3,3 3,3 0,2
1,1 3,3 2,2 0,2 3,3 2,2
1,1 3,3 3,3 0,2 3,3 2,2
0,2 2,3 3,0
4 #CNA trees
1,1 0,2 1,1 2,3 1,1 3,0
1,1 0,2 1,1 2,3 2,3 3,0
1,1 2,3 1,1 3,0 2,3 0,2
1,1 2,3 2,3 0,2 2,3 3,0
0,2 2,3 3,1
7 #CNA trees
1,1 0,2 1,1 2,3 1,1 3,1
1,1 0,2 1,1 2,3 2,3 3,1
1,1 0,2 1,1 3,1 3,1 2,3
1,1 2,3 1,1 3,1 2,3 0,2
1,1 2,3 2,3 0,2 2,3 3,1
1,1 3,1 2,3 0,2 3,1 2,3
1,1 3,1 3,1 0,2 3,1 2,3
0,2 2,3 3,2
7 #CNA trees
1,1 0,2 1,1 2,3 1,1 3,2
1,1 0,2 1,1 2,3 2,3 3,2
1,1 0,2 1,1 3,2 3,2 2,3
1,1 2,3 1,1 3,2 2,3 0,2
1,1 2,3 2,3 0,2 2,3 3,2
1,1 3,2 2,3 0,2 3,2 2,3
1,1 3,2 3,2 0,2 3,2 2,3
0,2 2,3 3,3
6 #CNA trees
1,1 0,2 1,1 2,3 1,1 3,3
1,1 0,2 1,1 2,3 2,3 3,3
1,1 0,2 1,1 3,3 3,3 2,3
1,1 2,3 1,1 3,3 2,3 0,2
1,1 2,3 2,3 0,2 2,3 3,3
1,1 3,3 2,3 0,2 3,3 2,3
0,2 3,0 3,1
4 #CNA trees
1,1 0,2 1,1 3,0 1,1 3,1
1,1 0,2 1,1 3,1 3,1 3,0
1,1 3,0 1,1 3,1 3,1 0,2
1,1 3,1 3,1 0,2 3,1 3,0
0,2 3,0 3,2
3 #CNA trees
1,1 0,2 1,1 3,0 1,1 3,2
1,1 0,2 1,1 3,2 3,2 3,0
1,1 3,0 1,1 3,2 3,2 0,2
0,2 3,0 3,3
3 #CNA trees
1,1 0,2 1,1 3,0 1,1 3,3
1,1 0,2 1,1 3,3 3,3 3,0
1,1 3,0 1,1 3,3 3,3 0,2
0,2 3,1 3,2
4 #CNA trees
1,1 0,2 1,1 3,1 1,1 3,2
1,1 0,2 1,1 3,1 3,1 3,2
1,1 0,2 1,1 3,2 3,2 3,1
1,1 3,1 3,1 3,2 3,2 0,2
0,2 3,1 3,3
6 #CNA trees
1,1 0,2 1,1 3,1 1,1 3,3
1,1 0,2 1,1 3,1 3,1 3,3
1,1 0,2 1,1 3,3 3,3 3,1
1,1 3,1 1,1 3,3 3,3 0,2
1,1 3,1 3,1 0,2 3,1 3,3
1,1 3,1 3,1 3,3 3,3 0,2
0,2 3,2 3,3
5 #CNA trees
1,1 0,2 1,1 3,2 1,1 3,3
1,1 0,2 1,1 3,2 3,2 3,3
1,1 0,2 1,1 3,3 3,3 3,2
1,1 3,2 3,2 0,2 3,2 3,3
1,1 3,2 3,2 3,3 3,3 0,2
0,3 1,0 1,1
1 #CNA trees
1,1 0,3 1,1 1,0
0,3 1,0 1,2
2 #CNA trees
1,1 0,3 1,1 1,0 1,1 1,2
1,1 1,0 1,1 1,2 1,2 0,3
0,3 1,0 1,3
2 #CNA trees
1,1 0,3 1,1 1,0 1,1 1,3
1,1 1,0 1,1 1,3 1,3 0,3
0,3 1,0 2,0
3 #CNA trees
1,0 2,0 1,1 0,3 1,1 1,0
1,1 0,3 1,1 1,0 1,1 2,0
1,1 0,3 1,1 2,0 2,0 1,0
0,3 1,0 2,1
4 #CNA trees
1,1 0,3 1,1 1,0 1,1 2,1
1,1 0,3 1,1 2,1 2,1 1,0
1,1 1,0 1,1 2,1 2,1 0,3
1,1 2,1 2,1 0,3 2,1 1,0
0,3 1,0 2,2
4 #CNA trees
1,1 0,3 1,1 1,0 1,1 2,2
1,1 0,3 1,1 2,2 2,2 1,0
1,1 1,0 1,1 2,2 2,2 0,3
1,1 2,2 2,2 0,3 2,2 1,0
0,3 1,0 2,3
3 #CNA trees
1,1 0,3 1,1 1,0 1,1 2,3
1,1 0,3 1,1 2,3 2,3 1,0
1,1 1,0 1,1 2,3 2,3 0,3
0,3 1,0 3,0
3 #CNA trees
1,0 3,0 1,1 0,3 1,1 1,0
1,1 0,3 1,1 1,0 1,1 3,0
1,1 0,3 1,1 3,0 3,0 1,0
0,3 1,0 3,1
4 #CNA trees
1,1 0,3 1,1 1,0 1,1 3,1
1,1 0,3 1,1 3,1 3,1 1,0
1,1 1,0 1,1 3,1 3,1 0,3
1,1 3,1 3,1 0,3 3,1 1,0
0,3 1,0 3,2
4 #CNA trees
1,1 0,3 1,1 1,0 1,1 3,2
1,1 0,3 1,1 3,2 3,2 1,0
1,1 1,0 1,1 3,2 3,2 0,3
1,1 3,2 3,2 0,3 3,2 1,0
0,3 1,0 3,3
3 #CNA trees
1,1 0,3 1,1 1,0 1,1 3,3
1,1 0,3 1,1 3,3 3,3 1,0
1,1 1,0 1,1 3,3 3,3 0,3
0,3 1,1 1,2
2 #CNA trees
1,1 0,3 1,1 1,2
1,1 1,2 1,2 0,3
0,3 1,1 1,3
2 #CNA trees
1,1 0,3 1,1 1,3
1,1 1,3 1,3 0,3
0,3 1,1 2,0
1 #CNA trees
1,1 0,3 1,1 2,0
0,3 1,1 2,1
2 #CNA trees
1,1 0,3 1,1 2,1
1,1 2,1 2,1 0,3
0,3 1,1 2,2
2 #CNA trees
1,1 0,3 1,1 2,2
1,1 2,2 2,2 0,3
0,3 1,1 2,3
2 #CNA trees
1,1 0,3 1,1 2,3
1,1 2,3 2,3 0,3
0,3 1,1 3,0
1 #CNA trees
1,1 0,3 1,1 3,0
0,3 1,1 3,1
2 #CNA trees
1,1 0,3 1,1 3,1
1,1 3,1 3,1 0,3
0,3 1,1 3,2
2 #CNA trees
1,1 0,3 1,1 3,2
1,1 3,2 3,2 0,3
0,3 1,1 3,3
2 #CNA trees
1,1 0,3 1,1 3,3
1,1 3,3 3,3 0,3
0,3 1,2 1,3
3 #CNA trees
1,1 0,3 1,1 1,2 1,2 1,3
1,1 1,2 1,2 0,3 1,2 1,3
1,1 1,2 1,2 1,3 1,3 0,3
0,3 1,2 2,0
4 #CNA trees
1,1 0,3 1,1 1,2 1,1 2,0
1,1 0,3 1,1 1,2 1,2 2,0
1,1 1,2 1,1 2,0 1,2 0,3
1,1 1,2 1,2 0,3 1,2 2,0
0,3 1,2 2,1
8 #CNA trees
1,1 0,3 1,1 1,2 1,1 2,1
1,1 0,3 1,1 1,2 1,2 2,1
1,1 0,3 1,1 2,1 2,1 1,2
1,1 1,2 1,1 2,1 1,2 0,3
1,1 1,2 1,1 2,1 2,1 0,3
1,1 1,2 1,2 0,3 1,2 2,1
1,1 2,1 1,2 0,3 2,1 1,2
1,1 2,1 2,1 0,3 2,1 1,2
0,3 1,2 2,2
9 #CNA trees
1,1 0,3 1,1 1,2 1,1 2,2
1,1 0,3 1,1 1,2 1,2 2,2
1,1 0,3 1,1 2,2 2,2 1,2
1,1 1,2 1,1 2,2 1,2 0,3
1,1 1,2 1,1 2,2 2,2 0,3
1,1 1,2 1,2 0,3 1,2 2,2
1,1 1,2 1,2 2,2 2,2 0,3
1,1 2,2 1,2 0,3 2,2 1,2
1,1 2,2 2,2 0,3 2,2 1,2
0,3 1,2 2,3
9 #CNA trees
1,1 0,3 1,1 1,2 1,1 2,3
1,1 0,3 1,1 1,2 1,2 2,3
1,1 0,3 1,1 2,3 2,3 1,2
1,1 1,2 1,1 2,3 1,2 0,3
1,1 1,2 1,1 2,3 2,3 0,3
1,1 1,2 1,2 0,3 1,2 2,3
1,1 1,2 1,2 2,3 2,3 0,3
1,1 2,3 1,2 0,3 2,3 1,2
1,1 2,3 2,3 0,3 2,3 1,2
0,3 1,2 3,0
4 #CNA trees
1,1 0,3 1,1 1,2 1,1 3,0
1,1 0,3 1,1 1,2 1,2 3,0
1,1 1,2 1,1 3,0 1,2 0,3
1,1 1,2 1,2 0,3 1,2 3,0
0,3 1,2 3,1
9 #CNA trees
1,1 0,3 1,1 1,2 1,1 3,1
1,1 0,3 1,1 1,2 1,2 3,1
1,1 0,3 1,1 3,1 3,1 1,2
1,1 1,2 1,1 3,1 1,2 0,3
1,1 1,2 1,1 3,1 3,1 0,3
1,1 1,2 1,2 0,3 1,2 3,1
1,1 1,2 1,2 3,1 3,1 0,3
1,1 3,1 1,2 0,3 3,1 1,2
1,1 3,1 3,1 0,3 3,1 1,2
0,3 1,2 3,2
9 #CNA trees
1,1 0,3 1,1 1,2 1,1 3,2
1,1 0,3 1,1 1,2 1,2 3,2
1,1 0,3 1,1 3,2 3,2 1,2
1,1 1,2 1,1 3,2 1,2 0,3
1,1 1,2 1,1 3,2 3,2 0,3
1,1 1,2 1,2 0,3 1,2 3,2
1,1 1,2 1,2 3,2 3,2 0,3
1,1 3,2 1,2 0,3 3,2 1,2
1,1 3,2 3,2 0,3 3,2 1,2
0,3 1,2 3,3
9 #CNA trees
1,1 0,3 1,1 1,2 1,1 3,3
1,1 0,3 1,1 1,2 1,2 3,3
1,1 0,3 1,1 3,3 3,3 1,2
1,1 1,2 1,1 3,3 1,2 0,3
1,1 1,2 1,1 3,3 3,3 0,3
1,1 1,2 1,2 0,3 1,2 3,3
1,1 1,2 1,2 3,3 3,3 0,3
1,1 3,3 1,2 0,3 3,3 1,2
1,1 3,3 3,3 0,3 3,3 1,2
0,3 1,3 2,0
4 #CNA trees
1,1 0,3 1,1 1,3 1,1 2,0
1,1 0,3 1,1 1,3 1,3 2,0
1,1 1,3 1,1 2,0 1,3 0,3
1,1 1,3 1,3 0,3 1,3 2,0
0,3 1,3 2,1
7 #CNA trees
1,1 0,3 1,1 1,3 1,1 2,1
1,1 0,3 1,1 1,3 1,3 2,1
1,1 0,3 1,1 2,1 2,1 1,3
1,1 1,3 1,1 2,1 1,3 0,3
1,1 1,3 1,3 0,3 1,3 2,1
1,1 2,1 1,3 0,3 2,1 1,3
1,1 2,1 2,1 0,3 2,1 1,3
0,3 1,3 2,2
7 #CNA trees
1,1 0,3 1,1 1,3 1,1 2,2
1,1 0,3 1,1 1,3 1,3 2,2
1,1 0,3 1,1 2,2 2,2 1,3
1,1 1,3 1,1 2,2 1,3 0,3
1,1 1,3 1,3 0,3 1,3 2,2
1,1 2,2 1,3 0,3 2,2 1,3
1,1 2,2 2,2 0,3 2,2 1,3
0,3 1,3 2,3
6 #CNA trees
1,1 0,3 1,1 1,3 1,1 2,3
1,1 0,3 1,1 1,3 1,3 2,3
1,1 0,3 1,1 2,3 2,3 1,3
1,1 1,3 1,1 2,3 1,3 0,3
1,1 1,3 1,3 0,3 1,3 2,3
1,1 2,3 1,3 0,3 2,3 1,3
0,3 1,3 3,0
4 #CNA trees
1,1 0,3 1,1 1,3 1,1 3,0
1,1 0,3 1,1 1,3 1,3 3,0
1,1 1,3 1,1 3,0 1,3 0,3
1,1 1,3 1,3 0,3 1,3 3,0
0,3 1,3 3,1
7 #CNA trees
1,1 0,3 1,1 1,3 1,1 3,1
1,1 0,3 1,1 1,3 1,3 3,1
1,1 0,3 1,1 3,1 3,1 1,3
1,1 1,3 1,1 3,1 1,3 0,3
1,1 1,3 1,3 0,3 1,3 3,1
1,1 3,1 1,3 0,3 3,1 1,3
1,1 3,1 3,1 0,3 3,1 1,3
0,3 1,3 3,2
7 #CNA trees
1,1 0,3 1,1 1,3 1,1 3,2
1,1 0,3 1,1 1,3 1,3 3,2
1,1 0,3 1,1 3,2 3,2 1,3
1,1 1,3 1,1 3,2 1,3 0,3
1,1 1,3 1,3 0,3 1,3 3,2
1,1 3,2 1,3 0,3 3,2 1,3
1,1 3,2 3,2 0,3 3,2 1,3
0,3 1,3 3,3
7 #CNA trees
1,1 0,3 1,1 1,3 1,1 3,3
1,1 0,3 1,1 1,3 1,3 3,3
1,1 0,3 1,1 3,3 3,3 1,3
1,1 1,3 1,1 3,3 1,3 0,3
1,1 1,3 1,3 0,3 1,3 3,3
1,1 3,3 1,3 0,3 3,3 1,3
1,1 3,3 3,3 0,3 3,3 1,3
0,3 2,0 2,1
4 #CNA trees
1,1 0,3 1,1 2,0 1,1 2,1
1,1 0,3 1,1 2,1 2,1 2,0
1,1 2,0 1,1 2,1 2,1 0,3
1,1 2,1 2,1 0,3 2,1 2,0
0,3 2,0 2,2
4 #CNA trees
1,1 0,3 1,1 2,0 1,1 2,2
1,1 0,3 1,1 2,2 2,2 2,0
1,1 2,0 1,1 2,2 2,2 0,3
1,1 2,2 2,2 0,3 2,2 2,0
0,3 2,0 2,3
3 #CNA trees
1,1 0,3 1,1 2,0 1,1 2,3
1,1 0,3 1,1 2,3 2,3 2,0
1,1 2,0 1,1 2,3 2,3 0,3
0,3 2,0 3,0
3 #CNA trees
1,1 0,3 1,1 2,0 1,1 3,0
1,1 0,3 1,1 2,0 2,0 3,0
1,1 0,3 1,1 3,0 3,0 2,0
0,3 2,0 3,1
4 #CNA trees
1,1 0,3 1,1 2,0 1,1 3,1
1,1 0,3 1,1 3,1 3,1 2,0
1,1 2,0 1,1 3,1 3,1 0,3
1,1 3,1 3,1 0,3 3,1 2,0
0,3 2,0 3,2
4 #CNA trees
1,1 0,3 1,1 2,0 1,1 3,2
1,1 0,3 1,1 3,2 3,2 2,0
1,1 2,0 1,1 3,2 3,2 0,3
1,1 3,2 3,2 0,3 3,2 2,0
0,3 2,0 3,3
3 #CNA trees
1,1 0,3 1,1 2,0 1,1 3,3
1,1 0,3 1,1 3,3 3,3 2,0
1,1 2,0 1,1 3,3 3,3 0,3
0,3 2,1 2,2
6 #CNA trees
1,1 0,3 1,1 2,1 1,1 2,2
1,1 0,3 1,1 2,1 2,1 2,2
1,1 0,3 1,1 2,2 2,2 2,1
1,1 2,1 1,1 2,2 2,2 0,3
1,1 2,1 2,1 2,2 2,2 0,3
1,1 2,2 2,2 0,3 2,2 2,1
0,3 2,1 2,3
6 #CNA trees
1,1 0,3 1,1 2,1 1,1 2,3
1,1 0,3 1,1 2,1 2,1 2,3
1,1 0,3 1,1 2,3 2,3 2,1
1,1 2,1 1,1 2,3 2,3 0,3
1,1 2,1 2,1 0,3 2,1 2,3
1,1 2,1 2,1 2,3 2,3 0,3
0,3 2,1 3,0
4 #CNA trees
1,1 0,3 1,1 2,1 1,1 3,0
1,1 0,3 1,1 2,1 2,1 3,0
1,1 2,1 1,1 3,0 2,1 0,3
1,1 2,1 2,1 0,3 2,1 3,0
0,3 2,1 3,1
5 #CNA trees
1,1 0,3 1,1 2,1 1,1 3,1
1,1 0,3 1,1 2,1 2,1 3,1
1,1 0,3 1,1 3,1 3,1 2,1
1,1 2,1 2,1 0,3 2,1 3,1
1,1 2,1 2,1 3,1 3,1 0,3
0,3 2,1 3,2
7 #CNA trees
1,1 0,3 1,1 2,1 1,1 3,2
1,1 0,3 1,1 2,1 2,1 3,2
1,1 0,3 1,1 3,2 3,2 2,1
1,1 2,1 1,1 3,2 3,2 0,3
1,1 2,1 2,1 0,3 2,1 3,2
1,1 2,1 2,1 3,2 3,2 0,3
1,1 3,2 3,2 0,3 3,2 2,1
0,3 2,1 3,3
6 #CNA trees
1,1 0,3 1,1 2,1 1,1 3,3
1,1 0,3 1,1 2,1 2,1 3,3
1,1 0,3 1,1 3,3 3,3 2,1
1,1 2,1 1,1 3,3 3,3 0,3
1,1 2,1 2,1 0,3 2,1 3,3
1,1 2,1 2,1 3,3 3,3 0,3
0,3 2,2 2,3
5 #CNA trees
1,1 0,3 1,1 2,2 1,1 2,3
1,1 0,3 1,1 2,2 2,2 2,3
1,1 0,3 1,1 2,3 2,3 2,2
1,1 2,2 2,2 0,3 2,2 2,3
1,1 2,2 2,2 2,3 2,3 0,3
0,3 2,2 3,0
4 #CNA trees
1,1 0,3 1,1 2,2 1,1 3,0
1,1 0,3 1,1 2,2 2,2 3,0
1,1 2,2 1,1 3,0 2,2 0,3
1,1 2,2 2,2 0,3 2,2 3,0
0,3 2,2 3,1
9 #CNA trees
1,1 0,3 1,1 2,2 1,1 3,1
1,1 0,3 1,1 2,2 2,2 3,1
1,1 0,3 1,1 3,1 3,1 2,2
1,1 2,2 1,1 3,1 2,2 0,3
1,1 2,2 1,1 3,1 3,1 0,3
1,1 2,2 2,2 0,3 2,2 3,1
1,1 2,2 2,2 3,1 3,1 0,3
1,1 3,1 2,2 0,3 3,1 2,2
1,1 3,1 3,1 0,3 3,1 2,2
0,3 2,2 3,2
9 #CNA trees
1,1 0,3 1,1 2,2 1,1 3,2
1,1 0,3 1,1 2,2 2,2 3,2
1,1 0,3 1,1 3,2 3,2 2,2
1,1 2,2 1,1 3,2 2,2 0,3
1,1 2,2 1,1 3,2 3,2 0,3
1,1 2,2 2,2 0,3 2,2 3,2
1,1 2,2 2,2 3,2 3,2 0,3
1,1 3,2 2,2 0,3 3,2 2,2
1,1 3,2 3,2 0,3 3,2 2,2
0,3 2,2 3,3
9 #CNA trees
1,1 0,3 1,1 2,2 1,1 3,3
1,1 0,3 1,1 2,2 2,2 3,3
1,1 0,3 1,1 3,3 3,3 2,2
1,1 2,2 1,1 3,3 2,2 0,3
1,1 2,2 1,1 3,3 3,3 0,3
1,1 2,2 2,2 0,3 2,2 3,3
1,1 2,2 2,2 3,3 3,3 0,3
1,1 3,3 2,2 0,3 3,3 2,2
1,1 3,3 3,3 0,3 3,3 2,2
0,3 2,3 3,0
4 #CNA trees
1,1 0,3 1,1 2,3 1,1 3,0
1,1 0,3 1,1 2,3 2,3 3,0
1,1 2,3 1,1 3,0 2,3 0,3
1,1 2,3 2,3 0,3 2,3 3,0
0,3 2,3 3,1
7 #CNA trees
1,1 0,3 1,1 2,3 1,1 3,1
1,1 0,3 1,1 2,3 2,3 3,1
1,1 0,3 1,1 3,1 3,1 2,3
1,1 2,3 1,1 3,1 2,3 0,3
1,1 2,3 2,3 0,3 2,3 3,1
1,1 3,1 2,3 0,3 3,1 2,3
1,1 3,1 3,1 0,3 3,1 2,3
0,3 2,3 3,2
7 #CNA trees
1,1 0,3 1,1 2,3 1,1 3,2
1,1 0,3 1,1 2,3 2,3 3,2
1,1 0,3 1,1 3,2 3,2 2,3
1,1 2,3 1,1 3,2 2,3 0,3
1,1 2,3 2,3 0,3 2,3 3,2
1,1 3,2 2,3 0,3 3,2 2,3
1,1 3,2 3,2 0,3 3,2 2,3
0,3 2,3 3,3
6 #CNA trees
1,1 0,3 1,1 2,3 1,1 3,3
1,1 0,3 1,1 2,3 2,3 3,3
1,1 0,3 1,1 3,3 3,3 2,3
1,1 2,3 1,1 3,3 2,3 0,3
1,1 2,3 2,3 0,3 2,3 3,3
1,1 3,3 2,3 0,3 3,3 2,3
0,3 3,0 3,1
4 #CNA trees
1,1 0,3 1,1 3,0 1,1 3,1
1,1 0,3 1,1 3,1 3,1 3,0
1,1 3,0 1,1 3,1 3,1 0,3
1,1 3,1 3,1 0,3 3,1 3,0
0,3 3,0 3,2
4 #CNA trees
1,1 0,3 1,1 3,0 1,1 3,2
1,1 0,3 1,1 3,2 3,2 3,0
1,1 3,0 1,1 3,2 3,2 0,3
1,1 3,2 3,2 0,3 3,2 3,0
0,3 3,0 3,3
3 #CNA trees
1,1 0,3 1,1 3,0 1,1 3,3
1,1 0,3 1,1 3,3 3,3 3,0
1,1 3,0 1,1 3,3 3,3 0,3
0,3 3,1 3,2
6 #CNA trees
1,1 0,3 1,1 3,1 1,1 3,2
1,1 0,3 1,1 3,1 3,1 3,2
1,1 0,3 1,1 3,2 3,2 3,1
1,1 3,1 1,1 3,2 3,2 0,3
1,1 3,1 3,1 3,2 3,2 0,3
1,1 3,2 3,2 0,3 3,2 3,1
0,3 3,1 3,3
6 #CNA trees
1,1 0,3 1,1 3,1 1,1 3,3
1,1 0,3 1,1 3,1 3,1 3,3
1,1 0,3 1,1 3,3 3,3 3,1
1,1 3,1 1,1 3,3 3,3 0,3
1,1 3,1 3,1 0,3 3,1 3,3
1,1 3,1 3,1 3,3 3,3 0,3
0,3 3,2 3,3
5 #CNA trees
1,1 0,3 1,1 3,2 1,1 3,3
1,1 0,3 1,1 3,2 3,2 3,3
1,1 0,3 1,1 3,3 3,3 3,2
1,1 3,2 3,2 0,3 3,2 3,3
1,1 3,2 3,2 3,3 3,3 0,3
1,0 1,1 1,2
1 #CNA trees
1,1 1,0 1,1 1,2
1,0 1,1 1,3
1 #CNA trees
1,1 1,0 1,1 1,3
1,0 1,1 2,0
3 #CNA trees
1,0 2,0 1,1 1,0
1,1 1,0 1,1 2,0
1,1 2,0 2,0 1,0
1,0 1,1 2,1
2 #CNA trees
1,1 1,0 1,1 2,1
1,1 2,1 2,1 1,0
1,0 1,1 2,2
2 #CNA trees
1,1 1,0 1,1 2,2
1,1 2,2 2,2 1,0
1,0 1,1 2,3
2 #CNA trees
1,1 1,0 1,1 2,3
1,1 2,3 2,3 1,0
1,0 1,1 3,0
3 #CNA trees
1,0 3,0 1,1 1,0
1,1 1,0 1,1 3,0
1,1 3,0 3,0 1,0
1,0 1,1 3,1
2 #CNA trees
1,1 1,0 1,1 3,1
1,1 3,1 3,1 1,0
1,0 1,1 3,2
2 #CNA trees
1,1 1,0 1,1 3,2
1,1 3,2 3,2 1,0
1,0 1,1 3,3
2 #CNA trees
1,1 1,0 1,1 3,3
1,1 3,3 3,3 1,0
1,0 1,2 1,3
1 #CNA trees
1,1 1,0 1,1 1,2 1,2 1,3
1,0 1,2 2,0
5 #CNA trees
1,0 2,0 1,1 1,0 1,1 1,2
1,1 1,0 1,1 1,2 1,1 2,0
1,1 1,0 1,1 1,2 1,2 2,0
1,1 1,2 1,1 2,0 2,0 1,0
1,1 1,2 1,2 2,0 2,0 1,0
1,0 1,2 2,1
6 #CNA trees
1,1 1,0 1,1 1,2 1,1 2,1
1,1 1,0 1,1 1,2 1,2 2,1
1,1 1,0 1,1 2,1 2,1 1,2
1,1 1,2 1,1 2,1 2,1 1,0
1,1 1,2 1,2 2,1 2,1 1,0
1,1 2,1 2,1 1,0 2,1 1,2
1,0 1,2 2,2
4 #CNA trees
1,1 1,0 1,1 1,2 1,1 2,2
1,1 1,0 1,1 1,2 1,2 2,2
1,1 1,0 1,1 2,2 2,2 1,2
1,1 1,2 1,2 2,2 2,2 1,0
1,0 1,2 2,3
5 #CNA trees
1,1 1,0 1,1 1,2 1,1 2,3
1,1 1,0 1,1 1,2 1,2 2,3
1,1 1,0 1,1 2,3 2,3 1,2
1,1 1,2 1,2 1,0 1,2 2,3
1,1 1,2 1,2 2,3 2,3 1,0
1,0 1,2 3,0
6 #CNA trees
1,0 3,0 1,1 1,0 1,1 1,2
1,1 1,0 1,1 1,2 1,1 3,0
1,1 1,0 1,1 1,2 1,2 3,0
1,1 1,2 1,1 3,0 3,0 1,0
1,1 1,2 1,2 1,0 1,2 3,0
1,1 1,2 1,2 3,0 3,0 1,0
1,0 1,2 3,1
7 #CNA trees
1,1 1,0 1,1 1,2 1,1 3,1
1,1 1,0 1,1 1,2 1,2 3,1
1,1 1,0 1,1 3,1 3,1 1,2
1,1 1,2 1,1 3,1 3,1 1,0
1,1 1,2 1,2 1,0 1,2 3,1
1,1 1,2 1,2 3,1 3,1 1,0
1,1 3,1 3,1 1,0 3,1 1,2
1,0 1,2 3,2
6 #CNA trees
1,1 1,0 1,1 1,2 1,1 3,2
1,1 1,0 1,1 1,2 1,2 3,2
1,1 1,0 1,1 3,2 3,2 1,2
1,1 1,2 1,1 3,2 3,2 1,0
1,1 1,2 1,2 1,0 1,2 3,2
1,1 1,2 1,2 3,2 3,2 1,0
1,0 1,2 3,3
6 #CNA trees
1,1 1,0 1,1 1,2 1,1 3,3
1,1 1,0 1,1 1,2 1,2 3,3
1,1 1,0 1,1 3,3 3,3 1,2
1,1 1,2 1,1 3,3 3,3 1,0
1,1 1,2 1,2 1,0 1,2 3,3
1,1 1,2 1,2 3,3 3,3 1,0
1,0 1,3 2,0
5 #CNA trees
1,0 2,0 1,1 1,0 1,1 1,3
1,1 1,0 1,1 1,3 1,1 2,0
1,1 1,0 1,1 1,3 1,3 2,0
1,1 1,3 1,1 2,0 2,0 1,0
1,1 1,3 1,3 2,0 2,0 1,0
1,0 1,3 2,1
6 #CNA trees
1,1 1,0 1,1 1,3 1,1 2,1
1,1 1,0 1,1 1,3 1,3 2,1
1,1 1,0 1,1 2,1 2,1 1,3
1,1 1,3 1,1 2,1 2,1 1,0
1,1 1,3 1,3 2,1 2,1 1,0
1,1 2,1 2,1 1,0 2,1 1,3
1,0 1,3 2,2
6 #CNA trees
1,1 1,0 1,1 1,3 1,1 2,2
1,1 1,0 1,1 1,3 1,3 2,2
1,1 1,0 1,1 2,2 2,2 1,3
1,1 1,3 1,1 2,2 2,2 1,0
1,1 1,3 1,3 2,2 2,2 1,0
1,1 2,2 2,2 1,0 2,2 1,3
1,0 1,3 2,3
4 #CNA trees
1,1 1,0 1,1 1,3 1,1 2,3
1,1 1,0 1,1 1,3 1,3 2,3
1,1 1,0 1,1 2,3 2,3 1,3
1,1 1,3 1,3 2,3 2,3 1,0
1,0 1,3 3,0
6 #CNA trees
1,0 3,0 1,1 1,0 1,1 1,3
1,1 1,0 1,1 1,3 1,1 3,0
1,1 1,0 1,1 1,3 1,3 3,0
1,1 1,3 1,1 3,0 3,0 1,0
1,1 1,3 1,3 1,0 1,3 3,0
1,1 1,3 1,3 3,0 3,0 1,0
1,0 1,3 3,1
7 #CNA trees
1,1 1,0 1,1 1,3 1,1 3,1
1,1 1,0 1,1 1,3 1,3 3,1
1,1 1,0 1,1 3,1 3,1 1,3
1,1 1,3 1,1 3,1 3,1 1,0
1,1 1,3 1,3 1,0 1,3 3,1
1,1 1,3 1,3 3,1 3,1 1,0
1,1 3,1 3,1 1,0 3,1 1,3
1,0 1,3 3,2
7 #CNA trees
1,1 1,0 1,1 1,3 1,1 3,2
1,1 1,0 1,1 1,3 1,3 3,2
1,1 1,0 1,1 3,2 3,2 1,3
1,1 1,3 1,1 3,2 3,2 1,0
1,1 1,3 1,3 1,0 1,3 3,2
1,1 1,3 1,3 3,2 3,2 1,0
1,1 3,2 3,2 1,0 3,2 1,3
1,0 1,3 3,3
6 #CNA trees
1,1 1,0 1,1 1,3 1,1 3,3
1,1 1,0 1,1 1,3 1,3 3,3
1,1 1,0 1,1 3,3 3,3 1,3
1,1 1,3 1,1 3,3 3,3 1,0
1,1 1,3 1,3 1,0 1,3 3,3
1,1 1,3 1,3 3,3 3,3 1,0
1,0 2,0 2,1
3 #CNA trees
1,0 2,0 1,1 1,0 1,1 2,1
1,1 1,0 1,1 2,1 2,1 2,0
1,1 2,1 2,0 1,0 2,1 2,0
1,0 2,0 2,2
5 #CNA trees
1,0 2,0 1,1 1,0 1,1 2,2
1,1 1,0 1,1 2,0 1,1 2,2
1,1 1,0 1,1 2,2 2,2 2,0
1,1 2,0 1,1 2,2 2,0 1,0
1,1 2,2 2,0 1,0 2,2 2,0
1,0 2,0 2,3
5 #CNA trees
1,0 2,0 1,1 1,0 1,1 2,3
1,1 1,0 1,1 2,0 1,1 2,3
1,1 1,0 1,1 2,3 2,3 2,0
1,1 2,0 1,1 2,3 2,0 1,0
1,1 2,3 2,0 1,0 2,3 2,0
1,0 2,0 3,0
8 #CNA trees
1,0 2,0 1,1 1,0 1,1 3,0
1,0 2,0 1,1 1,0 2,0 3,0
1,1 1,0 1,1 2,0 1,1 3,0
1,1 1,0 1,1 2,0 2,0 3,0
1,1 1,0 1,1 3,0 3,0 2,0
1,1 2,0 1,1 3,0 2,0 1,0
1,1 2,0 2,0 1,0 2,0 3,0
1,1 3,0 2,0 1,0 3,0 2,0
1,0 2,0 3,1
5 #CNA trees
1,0 2,0 1,1 1,0 1,1 3,1
1,1 1,0 1,1 2,0 1,1 3,1
1,1 1,0 1,1 3,1 3,1 2,0
1,1 2,0 1,1 3,1 2,0 1,0
1,1 3,1 2,0 1,0 3,1 2,0
1,0 2,0 3,2
5 #CNA trees
1,0 2,0 1,1 1,0 1,1 3,2
1,1 1,0 1,1 2,0 1,1 3,2
1,1 1,0 1,1 3,2 3,2 2,0
1,1 2,0 1,1 3,2 2,0 1,0
1,1 3,2 2,0 1,0 3,2 2,0
1,0 2,0 3,3
5 #CNA trees
1,0 2,0 1,1 1,0 1,1 3,3
1,1 1,0 1,1 2,0 1,1 3,3
1,1 1,0 1,1 3,3 3,3 2,0
1,1 2,0 1,1 3,3 2,0 1,0
1,1 3,3 2,0 1,0 3,3 2,0
1,0 2,1 2,2
6 #CNA trees
1,1 1,0 1,1 2,1 1,1 2,2
1,1 1,0 1,1 2,1 2,1 2,2
1,1 1,0 1,1 2,2 2,2 2,1
1,1 2,1 1,1 2,2 2,1 1,0
1,1 2,1 2,1 1,0 2,1 2,2
1,1 2,2 2,1 1,0 2,2 2,1
1,0 2,1 2,3
6 #CNA trees
1,1 1,0 1,1 2,1 1,1 2,3
1,1 1,0 1,1 2,1 2,1 2,3
1,1 1,0 1,1 2,3 2,3 2,1
1,1 2,1 1,1 2,3 2,1 1,0
1,1 2,1 2,1 1,0 2,1 2,3
1,1 2,3 2,1 1,0 2,3 2,1
1,0 2,1 3,0
4 #CNA trees
1,0 3,0 1,1 1,0 1,1 2,1
1,1 1,0 1,1 2,1 2,1 3,0
1,1 2,1 2,1 1,0 2,1 3,0
1,1 2,1 2,1 3,0 3,0 1,0
1,0 2,1 3,1
3 #CNA trees
1,1 1,0 1,1 2,1 2,1 3,1
1,1 2,1 2,1 1,0 2,1 3,1
1,1 2,1 2,1 3,1 3,1 1,0
1,0 2,1 3,2
9 #CNA trees
1,1 1,0 1,1 2,1 1,1 3,2
1,1 1,0 1,1 2,1 2,1 3,2
1,1 1,0 1,1 3,2 3,2 2,1
1,1 2,1 1,1 3,2 2,1 1,0
1,1 2,1 1,1 3,2 3,2 1,0
1,1 2,1 2,1 1,0 2,1 3,2
1,1 2,1 2,1 3,2 3,2 1,0
1,1 3,2 2,1 1,0 3,2 2,1
1,1 3,2 3,2 1,0 3,2 2,1
1,0 2,1 3,3
9 #CNA trees
1,1 1,0 1,1 2,1 1,1 3,3
1,1 1,0 1,1 2,1 2,1 3,3
1,1 1,0 1,1 3,3 3,3 2,1
1,1 2,1 1,1 3,3 2,1 1,0
1,1 2,1 1,1 3,3 3,3 1,0
1,1 2,1 2,1 1,0 2,1 3,3
1,1 2,1 2,1 3,3 3,3 1,0
1,1 3,3 2,1 1,0 3,3 2,1
1,1 3,3 3,3 1,0 3,3 2,1
1,0 2,2 2,3
6 #CNA trees
1,1 1,0 1,1 2,2 1,1 2,3
1,1 1,0 1,1 2,2 2,2 2,3
1,1 1,0 1,1 2,3 2,3 2,2
1,1 2,2 1,1 2,3 2,2 1,0
1,1 2,2 2,2 1,0 2,2 2,3
1,1 2,3 2,2 1,0 2,3 2,2
1,0 2,2 3,0
6 #CNA trees
1,0 3,0 1,1 1,0 1,1 2,2
1,1 1,0 1,1 2,2 1,1 3,0
1,1 1,0 1,1 2,2 2,2 3,0
1,1 2,2 1,1 3,0 3,0 1,0
1,1 2,2 2,2 1,0 2,2 3,0
1,1 2,2 2,2 3,0 3,0 1,0
1,0 2,2 3,1
7 #CNA trees
1,1 1,0 1,1 2,2 1,1 3,1
1,1 1,0 1,1 2,2 2,2 3,1
1,1 1,0 1,1 3,1 3,1 2,2
1,1 2,2 1,1 3,1 3,1 1,0
1,1 2,2 2,2 1,0 2,2 3,1
1,1 2,2 2,2 3,1 3,1 1,0
1,1 3,1 3,1 1,0 3,1 2,2
1,0 2,2 3,2
5 #CNA trees
1,1 1,0 1,1 2,2 1,1 3,2
1,1 1,0 1,1 2,2 2,2 3,2
1,1 1,0 1,1 3,2 3,2 2,2
1,1 2,2 2,2 1,0 2,2 3,2
1,1 2,2 2,2 3,2 3,2 1,0
1,0 2,2 3,3
9 #CNA trees
1,1 1,0 1,1 2,2 1,1 3,3
1,1 1,0 1,1 2,2 2,2 3,3
1,1 1,0 1,1 3,3 3,3 2,2
1,1 2,2 1,1 3,3 2,2 1,0
1,1 2,2 1,1 3,3 3,3 1,0
1,1 2,2 2,2 1,0 2,2 3,3
1,1 2,2 2,2 3,3 3,3 1,0
1,1 3,3 2,2 1,0 3,3 2,2
1,1 3,3 3,3 1,0 3,3 2,2
1,0 2,3 3,0
6 #CNA trees
1,0 3,0 1,1 1,0 1,1 2,3
1,1 1,0 1,1 2,3 1,1 3,0
1,1 1,0 1,1 2,3 2,3 3,0
1,1 2,3 1,1 3,0 3,0 1,0
1,1 2,3 2,3 1,0 2,3 3,0
1,1 2,3 2,3 3,0 3,0 1,0
1,0 2,3 3,1
7 #CNA trees
1,1 1,0 1,1 2,3 1,1 3,1
1,1 1,0 1,1 2,3 2,3 3,1
1,1 1,0 1,1 3,1 3,1 2,3
1,1 2,3 1,1 3,1 3,1 1,0
1,1 2,3 2,3 1,0 2,3 3,1
1,1 2,3 2,3 3,1 3,1 1,0
1,1 3,1 3,1 1,0 3,1 2,3
1,0 2,3 3,2
7 #CNA trees
1,1 1,0 1,1 2,3 1,1 3,2
1,1 1,0 1,1 2,3 2,3 3,2
1,1 1,0 1,1 3,2 3,2 2,3
1,1 2,3 1,1 3,2 3,2 1,0
1,1 2,3 2,3 1,0 2,3 3,2
1,1 2,3 2,3 3,2 3,2 1,0
1,1 3,2 3,2 1,0 3,2 2,3
1,0 2,3 3,3
5 #CNA trees
1,1 1,0 1,1 2,3 1,1 3,3
1,1 1,0 1,1 2,3 2,3 3,3
1,1 1,0 1,1 3,3 3,3 2,3
1,1 2,3 2,3 1,0 2,3 3,3
1,1 2,3 2,3 3,3 3,3 1,0
1,0 3,0 3,1
4 #CNA trees
1,0 3,0 1,1 1,0 1,1 3,1
1,1 1,0 1,1 3,0 1,1 3,1
1,1 1,0 1,1 3,1 3,1 3,0
1,1 3,1 3,0 1,0 3,1 3,0
1,0 3,0 3,2
6 #CNA trees
1,0 3,0 1,1 1,0 1,1 3,2
1,1 1,0 1,1 3,0 1,1 3,2
1,1 1,0 1,1 3,2 3,2 3,0
1,1 3,0 1,1 3,2 3,0 1,0
1,1 3,2 3,0 1,0 3,2 3,0
1,1 3,2 3,2 1,0 3,2 3,0
1,0 3,0 3,3
6 #CNA trees
1,0 3,0 1,1 1,0 1,1 3,3
1,1 1,0 1,1 3,0 1,1 3,3
1,1 1,0 1,1 3,3 3,3 3,0
1,1 3,0 1,1 3,3 3,0 1,0
1,1 3,3 3,0 1,0 3,3 3,0
1,1 3,3 3,3 1,0 3,3 3,0
1,0 3,1 3,2
6 #CNA trees
1,1 1,0 1,1 3,1 1,1 3,2
1,1 1,0 1,1 3,1 3,1 3,2
1,1 1,0 1,1 3,2 3,2 3,1
1,1 3,1 1,1 3,2 3,1 1,0
1,1 3,1 3,1 1,0 3,1 3,2
1,1 3,2 3,1 1,0 3,2 3,1
1,0 3,1 3,3
7 #CNA trees
1,1 1,0 1,1 3,1 1,1 3,3
1,1 1,0 1,1 3,1 3,1 3,3
1,1 1,0 1,1 3,3 3,3 3,1
1,1 3,1 1,1 3,3 3,1 1,0
1,1 3,1 3,1 1,0 3,1 3,3
1,1 3,3 3,1 1,0 3,3 3,1
1,1 3,3 3,3 1,0 3,3 3,1
1,0 3,2 3,3
6 #CNA trees
1,1 1,0 1,1 3,2 1,1 3,3
1,1 1,0 1,1 3,2 3,2 3,3
1,1 1,0 1,1 3,3 3,3 3,2
1,1 3,2 1,1 3,3 3,2 1,0
1,1 3,2 3,2 1,0 3,2 3,3
1,1 3,3 3,2 1,0 3,3 3,2
1,1 1,2 1,3
1 #CNA trees
1,1 1,2 1,2 1,3
1,1 1,2 2,0
2 #CNA trees
1,1 1,2 1,1 2,0
1,1 1,2 1,2 2,0
1,1 1,2 2,1
3 #CNA trees
1,1 1,2 1,1 2,1
1,1 1,2 1,2 2,1
1,1 2,1 2,1 1,2
1,1 1,2 2,2
3 #CNA trees
1,1 1,2 1,1 2,2
1,1 1,2 1,2 2,2
1,1 2,2 2,2 1,2
1,1 1,2 2,3
3 #CNA trees
1,1 1,2 1,1 2,3
1,1 1,2 1,2 2,3
1,1 2,3 2,3 1,2
1,1 1,2 3,0
2 #CNA trees
1,1 1,2 1,1 3,0
1,1 1,2 1,2 3,0
1,1 1,2 3,1
3 #CNA trees
1,1 1,2 1,1 3,1
1,1 1,2 1,2 3,1
1,1 3,1 3,1 1,2
1,1 1,2 3,2
3 #CNA trees
1,1 1,2 1,1 3,2
1,1 1,2 1,2 3,2
1,1 3,2 3,2 1,2
1,1 1,2 3,3
3 #CNA trees
1,1 1,2 1,1 3,3
1,1 1,2 1,2 3,3
1,1 3,3 3,3 1,2
1,1 1,3 2,0
2 #CNA trees
1,1 1,3 1,1 2,0
1,1 1,3 1,3 2,0
1,1 1,3 2,1
3 #CNA trees
1,1 1,3 1,1 2,1
1,1 1,3 1,3 2,1
1,1 2,1 2,1 1,3
1,1 1,3 2,2
3 #CNA trees
1,1 1,3 1,1 2,2
1,1 1,3 1,3 2,2
1,1 2,2 2,2 1,3
1,1 1,3 2,3
3 #CNA trees
1,1 1,3 1,1 2,3
1,1 1,3 1,3 2,3
1,1 2,3 2,3 1,3
1,1 1,3 3,0
2 #CNA trees
1,1 1,3 1,1 3,0
1,1 1,3 1,3 3,0
1,1 1,3 3,1
3 #CNA trees
1,1 1,3 1,1 3,1
1,1 1,3 1,3 3,1
1,1 3,1 3,1 1,3
1,1 1,3 3,2
3 #CNA trees
1,1 1,3 1,1 3,2
1,1 1,3 1,3 3,2
1,1 3,2 3,2 1,3
1,1 1,3 3,3
3 #CNA trees
1,1 1,3 1,1 3,3
1,1 1,3 1,3 3,3
1,1 3,3 3,3 1,3
1,1 2,0 2,1
2 #CNA trees
1,1 2,0 1,1 2,1
1,1 2,1 2,1 2,0
1,1 2,0 2,2
2 #CNA trees
1,1 2,0 1,1 2,2
1,1 2,2 2,2 2,0
1,1 2,0 2,3
2 #CNA trees
1,1 2,0 1,1 2,3
1,1 2,3 2,3 2,0
1,1 2,0 3,0
3 #CNA trees
1,1 2,0 1,1 3,0
1,1 2,0 2,0 3,0
1,1 3,0 3,0 2,0
1,1 2,0 3,1
2 #CNA trees
1,1 2,0 1,1 3,1
1,1 3,1 3,1 2,0
1,1 2,0 3,2
2 #CNA trees
1,1 2,0 1,1 3,2
1,1 3,2 3,2 2,0
1,1 2,0 3,3
2 #CNA trees
1,1 2,0 1,1 3,3
1,1 3,3 3,3 2,0
1,1 2,1 2,2
3 #CNA trees
1,1 2,1 1,1 2,2
1,1 2,1 2,1 2,2
1,1 2,2 2,2 2,1
1,1 2,1 2,3
3 #CNA trees
1,1 2,1 1,1 2,3
1,1 2,1 2,1 2,3
1,1 2,3 2,3 2,1
1,1 2,1 3,0
2 #CNA trees
1,1 2,1 1,1 3,0
1,1 2,1 2,1 3,0
1,1 2,1 3,1
1 #CNA trees
1,1 2,1 2,1 3,1
1,1 2,1 3,2
3 #CNA trees
1,1 2,1 1,1 3,2
1,1 2,1 2,1 3,2
1,1 3,2 3,2 2,1
1,1 2,1 3,3
3 #CNA trees
1,1 2,1 1,1 3,3
1,1 2,1 2,1 3,3
1,1 3,3 3,3 2,1
1,1 2,2 2,3
3 #CNA trees
1,1 2,2 1,1 2,3
1,1 2,2 2,2 2,3
1,1 2,3 2,3 2,2
1,1 2,2 3,0
2 #CNA trees
1,1 2,2 1,1 3,0
1,1 2,2 2,2 3,0
1,1 2,2 3,1
3 #CNA trees
1,1 2,2 1,1 3,1
1,1 2,2 2,2 3,1
1,1 3,1 3,1 2,2
1,1 2,2 3,2
3 #CNA trees
1,1 2,2 1,1 3,2
1,1 2,2 2,2 3,2
1,1 3,2 3,2 2,2
1,1 2,2 3,3
3 #CNA trees
1,1 2,2 1,1 3,3
1,1 2,2 2,2 3,3
1,1 3,3 3,3 2,2
1,1 2,3 3,0
2 #CNA trees
1,1 2,3 1,1 3,0
1,1 2,3 2,3 3,0
1,1 2,3 3,1
3 #CNA trees
1,1 2,3 1,1 3,1
1,1 2,3 2,3 3,1
1,1 3,1 3,1 2,3
1,1 2,3 3,2
3 #CNA trees
1,1 2,3 1,1 3,2
1,1 2,3 2,3 3,2
1,1 3,2 3,2 2,3
1,1 2,3 3,3
3 #CNA trees
1,1 2,3 1,1 3,3
1,1 2,3 2,3 3,3
1,1 3,3 3,3 2,3
1,1 3,0 3,1
2 #CNA trees
1,1 3,0 1,1 3,1
1,1 3,1 3,1 3,0
1,1 3,0 3,2
2 #CNA trees
1,1 3,0 1,1 3,2
1,1 3,2 3,2 3,0
1,1 3,0 3,3
2 #CNA trees
1,1 3,0 1,1 3,3
1,1 3,3 3,3 3,0
1,1 3,1 3,2
3 #CNA trees
1,1 3,1 1,1 3,2
1,1 3,1 3,1 3,2
1,1 3,2 3,2 3,1
1,1 3,1 3,3
3 #CNA trees
1,1 3,1 1,1 3,3
1,1 3,1 3,1 3,3
1,1 3,3 3,3 3,1
1,1 3,2 3,3
3 #CNA trees
1,1 3,2 1,1 3,3
1,1 3,2 3,2 3,3
1,1 3,3 3,3 3,2
1,2 1,3 2,0
5 #CNA trees
1,1 1,2 1,1 1,3 1,1 2,0
1,1 1,2 1,1 2,0 1,2 1,3
1,1 1,2 1,2 1,3 1,2 2,0
1,1 1,2 1,2 1,3 1,3 2,0
1,1 1,3 1,1 2,0 1,3 1,2
1,2 1,3 2,1
7 #CNA trees
1,1 1,2 1,1 2,1 1,2 1,3
1,1 1,2 1,1 2,1 2,1 1,3
1,1 1,2 1,2 1,3 1,2 2,1
1,1 1,2 1,2 1,3 1,3 2,1
1,1 2,1 1,2 1,3 2,1 1,2
1,1 2,1 1,3 1,2 2,1 1,3
1,1 2,1 2,1 1,2 2,1 1,3
1,2 1,3 2,2
8 #CNA trees
1,1 1,2 1,1 2,2 1,2 1,3
1,1 1,2 1,1 2,2 2,2 1,3
1,1 1,2 1,2 1,3 1,2 2,2
1,1 1,2 1,2 1,3 1,3 2,2
1,1 1,2 1,2 2,2 2,2 1,3
1,1 2,2 1,2 1,3 2,2 1,2
1,1 2,2 1,3 1,2 2,2 1,3
1,1 2,2 2,2 1,2 2,2 1,3
1,2 1,3 2,3
6 #CNA trees
1,1 1,2 1,1 2,3 1,2 1,3
1,1 1,2 1,1 2,3 2,3 1,3
1,1 1,2 1,2 1,3 1,2 2,3
1,1 1,2 1,2 1,3 1,3 2,3
1,1 1,2 1,2 2,3 2,3 1,3
1,1 2,3 1,3 1,2 2,3 1,3
1,2 1,3 3,0
5 #CNA trees
1,1 1,2 1,1 1,3 1,1 3,0
1,1 1,2 1,1 3,0 1,2 1,3
1,1 1,2 1,2 1,3 1,2 3,0
1,1 1,2 1,2 1,3 1,3 3,0
1,1 1,3 1,1 3,0 1,3 1,2
1,2 1,3 3,1
10 #CNA trees
1,1 1,2 1,1 1,3 1,1 3,1
1,1 1,2 1,1 3,1 1,2 1,3
1,1 1,2 1,1 3,1 3,1 1,3
1,1 1,2 1,2 1,3 1,2 3,1
1,1 1,2 1,2 1,3 1,3 3,1
1,1 1,2 1,2 3,1 3,1 1,3
1,1 1,3 1,1 3,1 1,3 1,2
1,1 3,1 1,2 1,3 3,1 1,2
1,1 3,1 1,3 1,2 3,1 1,3
1,1 3,1 3,1 1,2 3,1 1,3
1,2 1,3 3,2
10 #CNA trees
1,1 1,2 1,1 1,3 1,1 3,2
1,1 1,2 1,1 3,2 1,2 1,3
1,1 1,2 1,1 3,2 3,2 1,3
1,1 1,2 1,2 1,3 1,2 3,2
1,1 1,2 1,2 1,3 1,3 3,2
1,1 1,2 1,2 3,2 3,2 1,3
1,1 1,3 1,1 3,2 1,3 1,2
1,1 3,2 1,2 1,3 3,2 1,2
1,1 3,2 1,3 1,2 3,2 1,3
1,1 3,2 3,2 1,2 3,2 1,3
1,2 1,3 3,3
10 #CNA trees
1,1 1,2 1,1 1,3 1,1 3,3
1,1 1,2 1,1 3,3 1,2 1,3
1,1 1,2 1,1 3,3 3,3 1,3
1,1 1,2 1,2 1,3 1,2 3,3
1,1 1,2 1,2 1,3 1,3 3,3
1,1 1,2 1,2 3,3 3,3 1,3
1,1 1,3 1,1 3,3 1,3 1,2
1,1 3,3 1,2 1,3 3,3 1,2
1,1 3,3 1,3 1,2 3,3 1,3
1,1 3,3 3,3 1,2 3,3 1,3
1,2 2,0 2,1
6 #CNA trees
1,1 1,2 1,1 2,0 1,1 2,1
1,1 1,2 1,1 2,0 1,2 2,1
1,1 1,2 1,1 2,1 2,1 2,0
1,1 1,2 1,2 2,1 2,1 2,0
1,1 2,0 1,1 2,1 2,1 1,2
1,1 2,1 2,1 1,2 2,1 2,0
1,2 2,0 2,2
4 #CNA trees
1,1 1,2 1,1 2,0 1,1 2,2
1,1 1,2 1,1 2,0 1,2 2,2
1,1 1,2 1,2 2,2 2,2 2,0
1,1 2,0 1,1 2,2 2,2 1,2
1,2 2,0 2,3
5 #CNA trees
1,1 1,2 1,1 2,0 1,1 2,3
1,1 1,2 1,1 2,0 1,2 2,3
1,1 1,2 1,2 2,0 1,2 2,3
1,1 1,2 1,2 2,3 2,3 2,0
1,1 2,0 1,1 2,3 2,3 1,2
1,2 2,0 3,0
7 #CNA trees
1,1 1,2 1,1 2,0 1,1 3,0
1,1 1,2 1,1 2,0 1,2 3,0
1,1 1,2 1,1 2,0 2,0 3,0
1,1 1,2 1,1 3,0 3,0 2,0
1,1 1,2 1,2 2,0 1,2 3,0
1,1 1,2 1,2 2,0 2,0 3,0
1,1 1,2 1,2 3,0 3,0 2,0
1,2 2,0 3,1
7 #CNA trees
1,1 1,2 1,1 2,0 1,1 3,1
1,1 1,2 1,1 2,0 1,2 3,1
1,1 1,2 1,1 3,1 3,1 2,0
1,1 1,2 1,2 2,0 1,2 3,1
1,1 1,2 1,2 3,1 3,1 2,0
1,1 2,0 1,1 3,1 3,1 1,2
1,1 3,1 3,1 1,2 3,1 2,0
1,2 2,0 3,2
6 #CNA trees
1,1 1,2 1,1 2,0 1,1 3,2
1,1 1,2 1,1 2,0 1,2 3,2
1,1 1,2 1,1 3,2 3,2 2,0
1,1 1,2 1,2 2,0 1,2 3,2
1,1 1,2 1,2 3,2 3,2 2,0
1,1 2,0 1,1 3,2 3,2 1,2
1,2 2,0 3,3
6 #CNA trees
1,1 1,2 1,1 2,0 1,1 3,3
1,1 1,2 1,1 2,0 1,2 3,3
1,1 1,2 1,1 3,3 3,3 2,0
1,1 1,2 1,2 2,0 1,2 3,3
1,1 1,2 1,2 3,3 3,3 2,0
1,1 2,0 1,1 3,3 3,3 1,2
1,2 2,1 2,2
4 #CNA trees
1,1 1,2 1,1 2,1 1,2 2,2
1,1 1,2 1,1 2,1 2,1 2,2
1,1 1,2 1,2 2,2 2,2 2,1
1,1 2,1 2,1 2,2 2,2 1,2
1,2 2,1 2,3
7 #CNA trees
1,1 1,2 1,1 2,1 1,2 2,3
1,1 1,2 1,1 2,1 2,1 2,3
1,1 1,2 1,2 2,1 1,2 2,3
1,1 1,2 1,2 2,3 2,3 2,1
1,1 2,1 1,2 2,3 2,1 1,2
1,1 2,1 2,1 1,2 2,1 2,3
1,1 2,1 2,1 2,3 2,3 1,2
1,2 2,1 3,0
8 #CNA trees
1,1 1,2 1,1 2,1 1,1 3,0
1,1 1,2 1,1 2,1 1,2 3,0
1,1 1,2 1,1 2,1 2,1 3,0
1,1 1,2 1,1 3,0 1,2 2,1
1,1 1,2 1,2 2,1 1,2 3,0
1,1 1,2 1,2 2,1 2,1 3,0
1,1 2,1 1,1 3,0 2,1 1,2
1,1 2,1 2,1 1,2 2,1 3,0
1,2 2,1 3,1
7 #CNA trees
1,1 1,2 1,1 2,1 1,2 3,1
1,1 1,2 1,1 2,1 2,1 3,1
1,1 1,2 1,2 2,1 1,2 3,1
1,1 1,2 1,2 2,1 2,1 3,1
1,1 1,2 1,2 3,1 3,1 2,1
1,1 2,1 2,1 1,2 2,1 3,1
1,1 2,1 2,1 3,1 3,1 1,2
1,2 2,1 3,2
7 #CNA trees
1,1 1,2 1,1 2,1 1,2 3,2
1,1 1,2 1,1 2,1 2,1 3,2
1,1 1,2 1,2 2,1 1,2 3,2
1,1 1,2 1,2 2,1 2,1 3,2
1,1 1,2 1,2 3,2 3,2 2,1
1,1 2,1 2,1 1,2 2,1 3,2
1,1 2,1 2,1 3,2 3,2 1,2
1,2 2,1 3,3
8 #CNA trees
1,1 1,2 1,1 2,1 1,2 3,3
1,1 1,2 1,1 2,1 2,1 3,3
1,1 1,2 1,2 2,1 1,2 3,3
1,1 1,2 1,2 2,1 2,1 3,3
1,1 1,2 1,2 3,3 3,3 2,1
1,1 2,1 1,2 3,3 2,1 1,2
1,1 2,1 2,1 1,2 2,1 3,3
1,1 2,1 2,1 3,3 3,3 1,2
1,2 2,2 2,3
8 #CNA trees
1,1 1,2 1,1 2,2 1,2 2,3
1,1 1,2 1,1 2,2 2,2 2,3
1,1 1,2 1,2 2,2 1,2 2,3
1,1 1,2 1,2 2,2 2,2 2,3
1,1 1,2 1,2 2,3 2,3 2,2
1,1 2,2 1,2 2,3 2,2 1,2
1,1 2,2 2,2 1,2 2,2 2,3
1,1 2,2 2,2 2,3 2,3 1,2
1,2 2,2 3,0
6 #CNA trees
1,1 1,2 1,1 2,2 1,1 3,0
1,1 1,2 1,1 2,2 2,2 3,0
1,1 1,2 1,1 3,0 1,2 2,2
1,1 1,2 1,2 2,2 2,2 3,0
1,1 2,2 1,1 3,0 2,2 1,2
1,1 2,2 2,2 1,2 2,2 3,0
1,2 2,2 3,1
8 #CNA trees
1,1 1,2 1,1 2,2 1,1 3,1
1,1 1,2 1,1 2,2 2,2 3,1
1,1 1,2 1,1 3,1 1,2 2,2
1,1 1,2 1,1 3,1 3,1 2,2
1,1 1,2 1,2 2,2 2,2 3,1
1,1 2,2 1,1 3,1 2,2 1,2
1,1 2,2 2,2 1,2 2,2 3,1
1,1 3,1 2,2 1,2 3,1 2,2
1,2 2,2 3,2
8 #CNA trees
1,1 1,2 1,1 2,2 1,1 3,2
1,1 1,2 1,1 2,2 2,2 3,2
1,1 1,2 1,1 3,2 1,2 2,2
1,1 1,2 1,1 3,2 3,2 2,2
1,1 1,2 1,2 2,2 2,2 3,2
1,1 2,2 1,1 3,2 2,2 1,2
1,1 2,2 2,2 1,2 2,2 3,2
1,1 3,2 2,2 1,2 3,2 2,2
1,2 2,2 3,3
16 #CNA trees
1,1 1,2 1,1 2,2 1,1 3,3
1,1 1,2 1,1 2,2 1,2 3,3
1,1 1,2 1,1 2,2 2,2 3,3
1,1 1,2 1,1 3,3 1,2 2,2
1,1 1,2 1,1 3,3 3,3 2,2
1,1 1,2 1,2 2,2 1,2 3,3
1,1 1,2 1,2 2,2 2,2 3,3
1,1 1,2 1,2 3,3 3,3 2,2
1,1 2,2 1,1 3,3 2,2 1,2
1,1 2,2 1,1 3,3 3,3 1,2
1,1 2,2 1,2 3,3 2,2 1,2
1,1 2,2 2,2 1,2 2,2 3,3
1,1 2,2 2,2 3,3 3,3 1,2
1,1 3,3 1,2 2,2 3,3 1,2
1,1 3,3 2,2 1,2 3,3 2,2
1,1 3,3 3,3 1,2 3,3 2,2
1,2 2,3 3,0
7 #CNA trees
1,1 1,2 1,1 2,3 1,1 3,0
1,1 1,2 1,1 2,3 2,3 3,0
1,1 1,2 1,1 3,0 1,2 2,3
1,1 1,2 1,2 2,3 1,2 3,0
1,1 1,2 1,2 2,3 2,3 3,0
1,1 2,3 1,1 3,0 2,3 1,2
1,1 2,3 2,3 1,2 2,3 3,0
1,2 2,3 3,1
12 #CNA trees
1,1 1,2 1,1 2,3 1,1 3,1
1,1 1,2 1,1 2,3 2,3 3,1
1,1 1,2 1,1 3,1 1,2 2,3
1,1 1,2 1,1 3,1 3,1 2,3
1,1 1,2 1,2 2,3 1,2 3,1
1,1 1,2 1,2 2,3 2,3 3,1
1,1 1,2 1,2 3,1 3,1 2,3
1,1 2,3 1,1 3,1 2,3 1,2
1,1 2,3 2,3 1,2 2,3 3,1
1,1 3,1 1,2 2,3 3,1 1,2
1,1 3,1 2,3 1,2 3,1 2,3
1,1 3,1 3,1 1,2 3,1 2,3
1,2 2,3 3,2
12 #CNA trees
1,1 1,2 1,1 2,3 1,1 3,2
1,1 1,2 1,1 2,3 2,3 3,2
1,1 1,2 1,1 3,2 1,2 2,3
1,1 1,2 1,1 3,2 3,2 2,3
1,1 1,2 1,2 2,3 1,2 3,2
1,1 1,2 1,2 2,3 2,3 3,2
1,1 1,2 1,2 3,2 3,2 2,3
1,1 2,3 1,1 3,2 2,3 1,2
1,1 2,3 2,3 1,2 2,3 3,2
1,1 3,2 1,2 2,3 3,2 1,2
1,1 3,2 2,3 1,2 3,2 2,3
1,1 3,2 3,2 1,2 3,2 2,3
1,2 2,3 3,3
10 #CNA trees
1,1 1,2 1,1 2,3 1,1 3,3
1,1 1,2 1,1 2,3 2,3 3,3
1,1 1,2 1,1 3,3 1,2 2,3
1,1 1,2 1,1 3,3 3,3 2,3
1,1 1,2 1,2 2,3 1,2 3,3
1,1 1,2 1,2 2,3 2,3 3,3
1,1 1,2 1,2 3,3 3,3 2,3
1,1 2,3 1,1 3,3 2,3 1,2
1,1 2,3 2,3 1,2 2,3 3,3
1,1 3,3 2,3 1,2 3,3 2,3
1,2 3,0 3,1
7 #CNA trees
1,1 1,2 1,1 3,0 1,1 3,1
1,1 1,2 1,1 3,0 1,2 3,1
1,1 1,2 1,1 3,1 3,1 3,0
1,1 1,2 1,2 3,0 1,2 3,1
1,1 1,2 1,2 3,1 3,1 3,0
1,1 3,0 1,1 3,1 3,1 1,2
1,1 3,1 3,1 1,2 3,1 3,0
1,2 3,0 3,2
6 #CNA trees
1,1 1,2 1,1 3,0 1,1 3,2
1,1 1,2 1,1 3,0 1,2 3,2
1,1 1,2 1,1 3,2 3,2 3,0
1,1 1,2 1,2 3,0 1,2 3,2
1,1 1,2 1,2 3,2 3,2 3,0
1,1 3,0 1,1 3,2 3,2 1,2
1,2 3,0 3,3
6 #CNA trees
1,1 1,2 1,1 3,0 1,1 3,3
1,1 1,2 1,1 3,0 1,2 3,3
1,1 1,2 1,1 3,3 3,3 3,0
1,1 1,2 1,2 3,0 1,2 3,3
1,1 1,2 1,2 3,3 3,3 3,0
1,1 3,0 1,1 3,3 3,3 1,2
1,2 3,1 3,2
8 #CNA trees
1,1 1,2 1,1 3,1 1,1 3,2
1,1 1,2 1,1 3,1 1,2 3,2
1,1 1,2 1,1 3,1 3,1 3,2
1,1 1,2 1,1 3,2 3,2 3,1
1,1 1,2 1,2 3,1 1,2 3,2
1,1 1,2 1,2 3,1 3,1 3,2
1,1 1,2 1,2 3,2 3,2 3,1
1,1 3,1 3,1 3,2 3,2 1,2
1,2 3,1 3,3
11 #CNA trees
1,1 1,2 1,1 3,1 1,1 3,3
1,1 1,2 1,1 3,1 1,2 3,3
1,1 1,2 1,1 3,1 3,1 3,3
1,1 1,2 1,1 3,3 3,3 3,1
1,1 1,2 1,2 3,1 1,2 3,3
1,1 1,2 1,2 3,1 3,1 3,3
1,1 1,2 1,2 3,3 3,3 3,1
1,1 3,1 1,1 3,3 3,3 1,2
1,1 3,1 1,2 3,3 3,1 1,2
1,1 3,1 3,1 1,2 3,1 3,3
1,1 3,1 3,1 3,3 3,3 1,2
1,2 3,2 3,3
10 #CNA trees
1,1 1,2 1,1 3,2 1,1 3,3
1,1 1,2 1,1 3,2 1,2 3,3
1,1 1,2 1,1 3,2 3,2 3,3
1,1 1,2 1,1 3,3 3,3 3,2
1,1 1,2 1,2 3,2 1,2 3,3
1,1 1,2 1,2 3,2 3,2 3,3
1,1 1,2 1,2 3,3 3,3 3,2
1,1 3,2 1,2 3,3 3,2 1,2
1,1 3,2 3,2 1,2 3,2 3,3
1,1 3,2 3,2 3,3 3,3 1,2
1,3 2,0 2,1
6 #CNA trees
1,1 1,3 1,1 2,0 1,1 2,1
1,1 1,3 1,1 2,0 1,3 2,1
1,1 1,3 1,1 2,1 2,1 2,0
1,1 1,3 1,3 2,1 2,1 2,0
1,1 2,0 1,1 2,1 2,1 1,3
1,1 2,1 2,1 1,3 2,1 2,0
1,3 2,0 2,2
6 #CNA trees
1,1 1,3 1,1 2,0 1,1 2,2
1,1 1,3 1,1 2,0 1,3 2,2
1,1 1,3 1,1 2,2 2,2 2,0
1,1 1,3 1,3 2,2 2,2 2,0
1,1 2,0 1,1 2,2 2,2 1,3
1,1 2,2 2,2 1,3 2,2 2,0
1,3 2,0 2,3
4 #CNA trees
1,1 1,3 1,1 2,0 1,1 2,3
1,1 1,3 1,1 2,0 1,3 2,3
1,1 1,3 1,3 2,3 2,3 2,0
1,1 2,0 1,1 2,3 2,3 1,3
1,3 2,0 3,0
7 #CNA trees
1,1 1,3 1,1 2,0 1,1 3,0
1,1 1,3 1,1 2,0 1,3 3,0
1,1 1,3 1,1 2,0 2,0 3,0
1,1 1,3 1,1 3,0 3,0 2,0
1,1 1,3 1,3 2,0 1,3 3,0
1,1 1,3 1,3 2,0 2,0 3,0
1,1 1,3 1,3 3,0 3,0 2,0
1,3 2,0 3,1
7 #CNA trees
1,1 1,3 1,1 2,0 1,1 3,1
1,1 1,3 1,1 2,0 1,3 3,1
1,1 1,3 1,1 3,1 3,1 2,0
1,1 1,3 1,3 2,0 1,3 3,1
1,1 1,3 1,3 3,1 3,1 2,0
1,1 2,0 1,1 3,1 3,1 1,3
1,1 3,1 3,1 1,3 3,1 2,0
1,3 2,0 3,2
7 #CNA trees
1,1 1,3 1,1 2,0 1,1 3,2
1,1 1,3 1,1 2,0 1,3 3,2
1,1 1,3 1,1 3,2 3,2 2,0
1,1 1,3 1,3 2,0 1,3 3,2
1,1 1,3 1,3 3,2 3,2 2,0
1,1 2,0 1,1 3,2 3,2 1,3
1,1 3,2 3,2 1,3 3,2 2,0
1,3 2,0 3,3
6 #CNA trees
1,1 1,3 1,1 2,0 1,1 3,3
1,1 1,3 1,1 2,0 1,3 3,3
1,1 1,3 1,1 3,3 3,3 2,0
1,1 1,3 1,3 2,0 1,3 3,3
1,1 1,3 1,3 3,3 3,3 2,0
1,1 2,0 1,1 3,3 3,3 1,3
1,3 2,1 2,2
8 #CNA trees
1,1 1,3 1,1 2,1 1,1 2,2
1,1 1,3 1,1 2,1 1,3 2,2
1,1 1,3 1,1 2,1 2,1 2,2
1,1 1,3 1,1 2,2 2,2 2,1
1,1 1,3 1,3 2,2 2,2 2,1
1,1 2,1 1,1 2,2 2,2 1,3
1,1 2,1 2,1 2,2 2,2 1,3
1,1 2,2 2,2 1,3 2,2 2,1
1,3 2,1 2,3
8 #CNA trees
1,1 1,3 1,1 2,1 1,1 2,3
1,1 1,3 1,1 2,1 1,3 2,3
1,1 1,3 1,1 2,1 2,1 2,3
1,1 1,3 1,3 2,3 2,3 2,1
1,1 2,1 1,1 2,3 2,3 1,3
1,1 2,1 1,3 2,3 2,1 1,3
1,1 2,1 2,1 1,3 2,1 2,3
1,1 2,1 2,1 2,3 2,3 1,3
1,3 2,1 3,0
9 #CNA trees
1,1 1,3 1,1 2,1 1,1 3,0
1,1 1,3 1,1 2,1 1,3 3,0
1,1 1,3 1,1 2,1 2,1 3,0
1,1 1,3 1,1 3,0 1,3 2,1
1,1 1,3 1,3 2,1 1,3 3,0
1,1 1,3 1,3 2,1 2,1 3,0
1,1 2,1 1,1 3,0 2,1 1,3
1,1 2,1 1,3 3,0 2,1 1,3
1,1 2,1 2,1 1,3 2,1 3,0
1,3 2,1 3,1
10 #CNA trees
1,1 1,3 1,1 2,1 1,1 3,1
1,1 1,3 1,1 2,1 1,3 3,1
1,1 1,3 1,1 2,1 2,1 3,1
1,1 1,3 1,1 3,1 3,1 2,1
1,1 1,3 1,3 2,1 1,3 3,1
1,1 1,3 1,3 2,1 2,1 3,1
1,1 1,3 1,3 3,1 3,1 2,1
1,1 2,1 1,3 3,1 2,1 1,3
1,1 2,1 2,1 1,3 2,1 3,1
1,1 2,1 2,1 3,1 3,1 1,3
1,3 2,1 3,2
12 #CNA trees
1,1 1,3 1,1 2,1 1,1 3,2
1,1 1,3 1,1 2,1 1,3 3,2
1,1 1,3 1,1 2,1 2,1 3,2
1,1 1,3 1,1 3,2 3,2 2,1
1,1 1,3 1,3 2,1 1,3 3,2
1,1 1,3 1,3 2,1 2,1 3,2
1,1 1,3 1,3 3,2 3,2 2,1
1,1 2,1 1,1 3,2 3,2 1,3
1,1 2,1 1,3 3,2 2,1 1,3
1,1 2,1 2,1 1,3 2,1 3,2
1,1 2,1 2,1 3,2 3,2 1,3
1,1 3,2 3,2 1,3 3,2 2,1
1,3 2,1 3,3
11 #CNA trees
1,1 1,3 1,1 2,1 1,1 3,3
1,1 1,3 1,1 2,1 1,3 3,3
1,1 1,3 1,1 2,1 2,1 3,3
1,1 1,3 1,1 3,3 3,3 2,1
1,1 1,3 1,3 2,1 1,3 3,3
1,1 1,3 1,3 2,1 2,1 3,3
1,1 1,3 1,3 3,3 3,3 2,1
1,1 2,1 1,1 3,3 3,3 1,3
1,1 2,1 1,3 3,3 2,1 1,3
1,1 2,1 2,1 1,3 2,1 3,3
1,1 2,1 2,1 3,3 3,3 1,3
1,3 2,2 2,3
6 #CNA trees
1,1 1,3 1,1 2,2 1,3 2,3
1,1 1,3 1,1 2,2 2,2 2,3
1,1 1,3 1,3 2,3 2,3 2,2
1,1 2,2 1,3 2,3 2,2 1,3
1,1 2,2 2,2 1,3 2,2 2,3
1,1 2,2 2,2 2,3 2,3 1,3
1,3 2,2 3,0
9 #CNA trees
1,1 1,3 1,1 2,2 1,1 3,0
1,1 1,3 1,1 2,2 1,3 3,0
1,1 1,3 1,1 2,2 2,2 3,0
1,1 1,3 1,1 3,0 1,3 2,2
1,1 1,3 1,3 2,2 1,3 3,0
1,1 1,3 1,3 2,2 2,2 3,0
1,1 2,2 1,1 3,0 2,2 1,3
1,1 2,2 1,3 3,0 2,2 1,3
1,1 2,2 2,2 1,3 2,2 3,0
1,3 2,2 3,1
16 #CNA trees
1,1 1,3 1,1 2,2 1,1 3,1
1,1 1,3 1,1 2,2 1,3 3,1
1,1 1,3 1,1 2,2 2,2 3,1
1,1 1,3 1,1 3,1 1,3 2,2
1,1 1,3 1,1 3,1 3,1 2,2
1,1 1,3 1,3 2,2 1,3 3,1
1,1 1,3 1,3 2,2 2,2 3,1
1,1 1,3 1,3 3,1 3,1 2,2
1,1 2,2 1,1 3,1 2,2 1,3
1,1 2,2 1,1 3,1 3,1 1,3
1,1 2,2 1,3 3,1 2,2 1,3
1,1 2,2 2,2 1,3 2,2 3,1
1,1 2,2 2,2 3,1 3,1 1,3
1,1 3,1 1,3 2,2 3,1 1,3
1,1 3,1 2,2 1,3 3,1 2,2
1,1 3,1 3,1 1,3 3,1 2,2
1,3 2,2 3,2
16 #CNA trees
1,1 1,3 1,1 2,2 1,1 3,2
1,1 1,3 1,1 2,2 1,3 3,2
1,1 1,3 1,1 2,2 2,2 3,2
1,1 1,3 1,1 3,2 1,3 2,2
1,1 1,3 1,1 3,2 3,2 2,2
1,1 1,3 1,3 2,2 1,3 3,2
1,1 1,3 1,3 2,2 2,2 3,2
1,1 1,3 1,3 3,2 3,2 2,2
1,1 2,2 1,1 3,2 2,2 1,3
1,1 2,2 1,1 3,2 3,2 1,3
1,1 2,2 1,3 3,2 2,2 1,3
1,1 2,2 2,2 1,3 2,2 3,2
1,1 2,2 2,2 3,2 3,2 1,3
1,1 3,2 1,3 2,2 3,2 1,3
1,1 3,2 2,2 1,3 3,2 2,2
1,1 3,2 3,2 1,3 3,2 2,2
1,3 2,2 3,3
16 #CNA trees
1,1 1,3 1,1 2,2 1,1 3,3
1,1 1,3 1,1 2,2 1,3 3,3
1,1 1,3 1,1 2,2 2,2 3,3
1,1 1,3 1,1 3,3 1,3 2,2
1,1 1,3 1,1 3,3 3,3 2,2
1,1 1,3 1,3 2,2 1,3 3,3
1,1 1,3 1,3 2,2 2,2 3,3
1,1 1,3 1,3 3,3 3,3 2,2
1,1 2,2 1,1 3,3 2,2 1,3
1,1 2,2 1,1 3,3 3,3 1,3
1,1 2,2 1,3 3,3 2,2 1,3
1,1 2,2 2,2 1,3 2,2 3,3
1,1 2,2 2,2 3,3 3,3 1,3
1,1 3,3 1,3 2,2 3,3 1,3
1,1 3,3 2,2 1,3 3,3 2,2
1,1 3,3 3,3 1,3 3,3 2,2
1,3 2,3 3,0
6 #CNA trees
1,1 1,3 1,1 2,3 1,1 3,0
1,1 1,3 1,1 2,3 2,3 3,0
1,1 1,3 1,1 3,0 1,3 2,3
1,1 1,3 1,3 2,3 2,3 3,0
1,1 2,3 1,1 3,0 2,3 1,3
1,1 2,3 2,3 1,3 2,3 3,0
1,3 2,3 3,1
10 #CNA trees
1,1 1,3 1,1 2,3 1,1 3,1
1,1 1,3 1,1 2,3 2,3 3,1
1,1 1,3 1,1 3,1 1,3 2,3
1,1 1,3 1,1 3,1 3,1 2,3
1,1 1,3 1,3 2,3 2,3 3,1
1,1 2,3 1,1 3,1 2,3 1,3
1,1 2,3 2,3 1,3 2,3 3,1
1,1 3,1 1,3 2,3 3,1 1,3
1,1 3,1 2,3 1,3 3,1 2,3
1,1 3,1 3,1 1,3 3,1 2,3
1,3 2,3 3,2
10 #CNA trees
1,1 1,3 1,1 2,3 1,1 3,2
1,1 1,3 1,1 2,3 2,3 3,2
1,1 1,3 1,1 3,2 1,3 2,3
1,1 1,3 1,1 3,2 3,2 2,3
1,1 1,3 1,3 2,3 2,3 3,2
1,1 2,3 1,1 3,2 2,3 1,3
1,1 2,3 2,3 1,3 2,3 3,2
1,1 3,2 1,3 2,3 3,2 1,3
1,1 3,2 2,3 1,3 3,2 2,3
1,1 3,2 3,2 1,3 3,2 2,3
1,3 2,3 3,3
8 #CNA trees
1,1 1,3 1,1 2,3 1,1 3,3
1,1 1,3 1,1 2,3 2,3 3,3
1,1 1,3 1,1 3,3 1,3 2,3
1,1 1,3 1,1 3,3 3,3 2,3
1,1 1,3 1,3 2,3 2,3 3,3
1,1 2,3 1,1 3,3 2,3 1,3
1,1 2,3 2,3 1,3 2,3 3,3
1,1 3,3 2,3 1,3 3,3 2,3
1,3 3,0 3,1
7 #CNA trees
1,1 1,3 1,1 3,0 1,1 3,1
1,1 1,3 1,1 3,0 1,3 3,1
1,1 1,3 1,1 3,1 3,1 3,0
1,1 1,3 1,3 3,0 1,3 3,1
1,1 1,3 1,3 3,1 3,1 3,0
1,1 3,0 1,1 3,1 3,1 1,3
1,1 3,1 3,1 1,3 3,1 3,0
1,3 3,0 3,2
7 #CNA trees
1,1 1,3 1,1 3,0 1,1 3,2
1,1 1,3 1,1 3,0 1,3 3,2
1,1 1,3 1,1 3,2 3,2 3,0
1,1 1,3 1,3 3,0 1,3 3,2
1,1 1,3 1,3 3,2 3,2 3,0
1,1 3,0 1,1 3,2 3,2 1,3
1,1 3,2 3,2 1,3 3,2 3,0
1,3 3,0 3,3
6 #CNA trees
1,1 1,3 1,1 3,0 1,1 3,3
1,1 1,3 1,1 3,0 1,3 3,3
1,1 1,3 1,1 3,3 3,3 3,0
1,1 1,3 1,3 3,0 1,3 3,3
1,1 1,3 1,3 3,3 3,3 3,0
1,1 3,0 1,1 3,3 3,3 1,3
1,3 3,1 3,2
10 #CNA trees
1,1 1,3 1,1 3,1 1,1 3,2
1,1 1,3 1,1 3,1 1,3 3,2
1,1 1,3 1,1 3,1 3,1 3,2
1,1 1,3 1,1 3,2 3,2 3,1
1,1 1,3 1,3 3,1 1,3 3,2
1,1 1,3 1,3 3,1 3,1 3,2
1,1 1,3 1,3 3,2 3,2 3,1
1,1 3,1 1,1 3,2 3,2 1,3
1,1 3,1 3,1 3,2 3,2 1,3
1,1 3,2 3,2 1,3 3,2 3,1
1,3 3,1 3,3
11 #CNA trees
1,1 1,3 1,1 3,1 1,1 3,3
1,1 1,3 1,1 3,1 1,3 3,3
1,1 1,3 1,1 3,1 3,1 3,3
1,1 1,3 1,1 3,3 3,3 3,1
1,1 1,3 1,3 3,1 1,3 3,3
1,1 1,3 1,3 3,1 3,1 3,3
1,1 1,3 1,3 3,3 3,3 3,1
1,1 3,1 1,1 3,3 3,3 1,3
1,1 3,1 1,3 3,3 3,1 1,3
1,1 3,1 3,1 1,3 3,1 3,3
1,1 3,1 3,1 3,3 3,3 1,3
1,3 3,2 3,3
10 #CNA trees
1,1 1,3 1,1 3,2 1,1 3,3
1,1 1,3 1,1 3,2 1,3 3,3
1,1 1,3 1,1 3,2 3,2 3,3
1,1 1,3 1,1 3,3 3,3 3,2
1,1 1,3 1,3 3,2 1,3 3,3
1,1 1,3 1,3 3,2 3,2 3,3
1,1 1,3 1,3 3,3 3,3 3,2
1,1 3,2 1,3 3,3 3,2 1,3
1,1 3,2 3,2 1,3 3,2 3,3
1,1 3,2 3,2 3,3 3,3 1,3
2,0 2,1 2,2
6 #CNA trees
1,1 2,0 1,1 2,1 1,1 2,2
1,1 2,0 1,1 2,1 2,1 2,2
1,1 2,0 1,1 2,2 2,2 2,1
1,1 2,1 1,1 2,2 2,1 2,0
1,1 2,1 2,1 2,0 2,1 2,2
1,1 2,2 2,1 2,0 2,2 2,1
2,0 2,1 2,3
6 #CNA trees
1,1 2,0 1,1 2,1 1,1 2,3
1,1 2,0 1,1 2,1 2,1 2,3
1,1 2,0 1,1 2,3 2,3 2,1
1,1 2,1 1,1 2,3 2,1 2,0
1,1 2,1 2,1 2,0 2,1 2,3
1,1 2,3 2,1 2,0 2,3 2,1
2,0 2,1 3,0
5 #CNA trees
1,1 2,0 1,1 2,1 2,0 3,0
1,1 2,0 1,1 2,1 2,1 3,0
1,1 2,1 2,0 3,0 2,1 2,0
1,1 2,1 2,1 2,0 2,1 3,0
1,1 2,1 2,1 3,0 3,0 2,0
2,0 2,1 3,1
3 #CNA trees
1,1 2,0 1,1 2,1 2,1 3,1
1,1 2,1 2,1 2,0 2,1 3,1
1,1 2,1 2,1 3,1 3,1 2,0
2,0 2,1 3,2
9 #CNA trees
1,1 2,0 1,1 2,1 1,1 3,2
1,1 2,0 1,1 2,1 2,1 3,2
1,1 2,0 1,1 3,2 3,2 2,1
1,1 2,1 1,1 3,2 2,1 2,0
1,1 2,1 1,1 3,2 3,2 2,0
1,1 2,1 2,1 2,0 2,1 3,2
1,1 2,1 2,1 3,2 3,2 2,0
1,1 3,2 2,1 2,0 3,2 2,1
1,1 3,2 3,2 2,0 3,2 2,1
2,0 2,1 3,3
9 #CNA trees
1,1 2,0 1,1 2,1 1,1 3,3
1,1 2,0 1,1 2,1 2,1 3,3
1,1 2,0 1,1 3,3 3,3 2,1
1,1 2,1 1,1 3,3 2,1 2,0
1,1 2,1 1,1 3,3 3,3 2,0
1,1 2,1 2,1 2,0 2,1 3,3
1,1 2,1 2,1 3,3 3,3 2,0
1,1 3,3 2,1 2,0 3,3 2,1
1,1 3,3 3,3 2,0 3,3 2,1
2,0 2,2 2,3
6 #CNA trees
1,1 2,0 1,1 2,2 1,1 2,3
1,1 2,0 1,1 2,2 2,2 2,3
1,1 2,0 1,1 2,3 2,3 2,2
1,1 2,2 1,1 2,3 2,2 2,0
1,1 2,2 2,2 2,0 2,2 2,3
1,1 2,3 2,2 2,0 2,3 2,2
2,0 2,2 3,0
7 #CNA trees
1,1 2,0 1,1 2,2 1,1 3,0
1,1 2,0 1,1 2,2 2,0 3,0
1,1 2,0 1,1 2,2 2,2 3,0
1,1 2,2 1,1 3,0 3,0 2,0
1,1 2,2 2,0 3,0 2,2 2,0
1,1 2,2 2,2 2,0 2,2 3,0
1,1 2,2 2,2 3,0 3,0 2,0
2,0 2,2 3,1
7 #CNA trees
1,1 2,0 1,1 2,2 1,1 3,1
1,1 2,0 1,1 2,2 2,2 3,1
1,1 2,0 1,1 3,1 3,1 2,2
1,1 2,2 1,1 3,1 3,1 2,0
1,1 2,2 2,2 2,0 2,2 3,1
1,1 2,2 2,2 3,1 3,1 2,0
1,1 3,1 3,1 2,0 3,1 2,2
2,0 2,2 3,2
5 #CNA trees
1,1 2,0 1,1 2,2 1,1 3,2
1,1 2,0 1,1 2,2 2,2 3,2
1,1 2,0 1,1 3,2 3,2 2,2
1,1 2,2 2,2 2,0 2,2 3,2
1,1 2,2 2,2 3,2 3,2 2,0
2,0 2,2 3,3
9 #CNA trees
1,1 2,0 1,1 2,2 1,1 3,3
1,1 2,0 1,1 2,2 2,2 3,3
1,1 2,0 1,1 3,3 3,3 2,2
1,1 2,2 1,1 3,3 2,2 2,0
1,1 2,2 1,1 3,3 3,3 2,0
1,1 2,2 2,2 2,0 2,2 3,3
1,1 2,2 2,2 3,3 3,3 2,0
1,1 3,3 2,2 2,0 3,3 2,2
1,1 3,3 3,3 2,0 3,3 2,2
2,0 2,3 3,0
7 #CNA trees
1,1 2,0 1,1 2,3 1,1 3,0
1,1 2,0 1,1 2,3 2,0 3,0
1,1 2,0 1,1 2,3 2,3 3,0
1,1 2,3 1,1 3,0 3,0 2,0
1,1 2,3 2,0 3,0 2,3 2,0
1,1 2,3 2,3 2,0 2,3 3,0
1,1 2,3 2,3 3,0 3,0 2,0
2,0 2,3 3,1
7 #CNA trees
1,1 2,0 1,1 2,3 1,1 3,1
1,1 2,0 1,1 2,3 2,3 3,1
1,1 2,0 1,1 3,1 3,1 2,3
1,1 2,3 1,1 3,1 3,1 2,0
1,1 2,3 2,3 2,0 2,3 3,1
1,1 2,3 2,3 3,1 3,1 2,0
1,1 3,1 3,1 2,0 3,1 2,3
2,0 2,3 3,2
7 #CNA trees
1,1 2,0 1,1 2,3 1,1 3,2
1,1 2,0 1,1 2,3 2,3 3,2
1,1 2,0 1,1 3,2 3,2 2,3
1,1 2,3 1,1 3,2 3,2 2,0
1,1 2,3 2,3 2,0 2,3 3,2
1,1 2,3 2,3 3,2 3,2 2,0
1,1 3,2 3,2 2,0 3,2 2,3
2,0 2,3 3,3
5 #CNA trees
1,1 2,0 1,1 2,3 1,1 3,3
1,1 2,0 1,1 2,3 2,3 3,3
1,1 2,0 1,1 3,3 3,3 2,3
1,1 2,3 2,3 2,0 2,3 3,3
1,1 2,3 2,3 3,3 3,3 2,0
2,0 3,0 3,1
3 #CNA trees
1,1 2,0 1,1 3,1 2,0 3,0
1,1 2,0 1,1 3,1 3,1 3,0
1,1 3,1 3,0 2,0 3,1 3,0
2,0 3,0 3,2
7 #CNA trees
1,1 2,0 1,1 3,0 1,1 3,2
1,1 2,0 1,1 3,2 2,0 3,0
1,1 2,0 1,1 3,2 3,2 3,0
1,1 3,0 1,1 3,2 3,0 2,0
1,1 3,2 2,0 3,0 3,2 2,0
1,1 3,2 3,0 2,0 3,2 3,0
1,1 3,2 3,2 2,0 3,2 3,0
2,0 3,0 3,3
7 #CNA trees
1,1 2,0 1,1 3,0 1,1 3,3
1,1 2,0 1,1 3,3 2,0 3,0
1,1 2,0 1,1 3,3 3,3 3,0
1,1 3,0 1,1 3,3 3,0 2,0
1,1 3,3 2,0 3,0 3,3 2,0
1,1 3,3 3,0 2,0 3,3 3,0
1,1 3,3 3,3 2,0 3,3 3,0
2,0 3,1 3,2
6 #CNA trees
1,1 2,0 1,1 3,1 1,1 3,2
1,1 2,0 1,1 3,1 3,1 3,2
1,1 2,0 1,1 3,2 3,2 3,1
1,1 3,1 1,1 3,2 3,1 2,0
1,1 3,1 3,1 2,0 3,1 3,2
1,1 3,2 3,1 2,0 3,2 3,1
2,0 3,1 3,3
7 #CNA trees
1,1 2,0 1,1 3,1 1,1 3,3
1,1 2,0 1,1 3,1 3,1 3,3
1,1 2,0 1,1 3,3 3,3 3,1
1,1 3,1 1,1 3,3 3,1 2,0
1,1 3,1 3,1 2,0 3,1 3,3
1,1 3,3 3,1 2,0 3,3 3,1
1,1 3,3 3,3 2,0 3,3 3,1
2,0 3,2 3,3
6 #CNA trees
1,1 2,0 1,1 3,2 1,1 3,3
1,1 2,0 1,1 3,2 3,2 3,3
1,1 2,0 1,1 3,3 3,3 3,2
1,1 3,2 1,1 3,3 3,2 2,0
1,1 3,2 3,2 2,0 3,2 3,3
1,1 3,3 3,2 2,0 3,3 3,2
2,1 2,2 2,3
8 #CNA trees
1,1 2,1 1,1 2,2 1,1 2,3
1,1 2,1 1,1 2,2 2,2 2,3
1,1 2,1 1,1 2,3 2,1 2,2
1,1 2,1 1,1 2,3 2,3 2,2
1,1 2,1 2,1 2,2 2,2 2,3
1,1 2,2 1,1 2,3 2,2 2,1
1,1 2,2 2,2 2,1 2,2 2,3
1,1 2,3 2,2 2,1 2,3 2,2
2,1 2,2 3,0
9 #CNA trees
1,1 2,1 1,1 2,2 1,1 3,0
1,1 2,1 1,1 2,2 2,1 3,0
1,1 2,1 1,1 2,2 2,2 3,0
1,1 2,1 1,1 3,0 2,1 2,2
1,1 2,1 2,1 2,2 2,1 3,0
1,1 2,1 2,1 2,2 2,2 3,0
1,1 2,2 1,1 3,0 2,2 2,1
1,1 2,2 2,1 3,0 2,2 2,1
1,1 2,2 2,2 2,1 2,2 3,0
2,1 2,2 3,1
8 #CNA trees
1,1 2,1 1,1 2,2 2,1 3,1
1,1 2,1 1,1 2,2 2,2 3,1
1,1 2,1 2,1 2,2 2,1 3,1
1,1 2,1 2,1 2,2 2,2 3,1
1,1 2,1 2,1 3,1 3,1 2,2
1,1 2,2 2,1 3,1 2,2 2,1
1,1 2,2 2,2 2,1 2,2 3,1
1,1 2,2 2,2 3,1 3,1 2,1
2,1 2,2 3,2
8 #CNA trees
1,1 2,1 1,1 2,2 2,1 3,2
1,1 2,1 1,1 2,2 2,2 3,2
1,1 2,1 2,1 2,2 2,1 3,2
1,1 2,1 2,1 2,2 2,2 3,2
1,1 2,1 2,1 3,2 3,2 2,2
1,1 2,2 2,1 3,2 2,2 2,1
1,1 2,2 2,2 2,1 2,2 3,2
1,1 2,2 2,2 3,2 3,2 2,1
2,1 2,2 3,3
16 #CNA trees
1,1 2,1 1,1 2,2 1,1 3,3
1,1 2,1 1,1 2,2 2,1 3,3
1,1 2,1 1,1 2,2 2,2 3,3
1,1 2,1 1,1 3,3 2,1 2,2
1,1 2,1 1,1 3,3 3,3 2,2
1,1 2,1 2,1 2,2 2,1 3,3
1,1 2,1 2,1 2,2 2,2 3,3
1,1 2,1 2,1 3,3 3,3 2,2
1,1 2,2 1,1 3,3 2,2 2,1
1,1 2,2 1,1 3,3 3,3 2,1
1,1 2,2 2,1 3,3 2,2 2,1
1,1 2,2 2,2 2,1 2,2 3,3
1,1 2,2 2,2 3,3 3,3 2,1
1,1 3,3 2,1 2,2 3,3 2,1
1,1 3,3 2,2 2,1 3,3 2,2
1,1 3,3 3,3 2,1 3,3 2,2
2,1 2,3 3,0
9 #CNA trees
1,1 2,1 1,1 2,3 1,1 3,0
1,1 2,1 1,1 2,3 2,1 3,0
1,1 2,1 1,1 2,3 2,3 3,0
1,1 2,1 1,1 3,0 2,1 2,3
1,1 2,1 2,1 2,3 2,1 3,0
1,1 2,1 2,1 2,3 2,3 3,0
1,1 2,3 1,1 3,0 2,3 2,1
1,1 2,3 2,1 3,0 2,3 2,1
1,1 2,3 2,3 2,1 2,3 3,0
2,1 2,3 3,1
10 #CNA trees
1,1 2,1 1,1 2,3 1,1 3,1
1,1 2,1 1,1 2,3 2,1 3,1
1,1 2,1 1,1 2,3 2,3 3,1
1,1 2,1 2,1 2,3 2,1 3,1
1,1 2,1 2,1 2,3 2,3 3,1
1,1 2,1 2,1 3,1 3,1 2,3
1,1 2,3 1,1 3,1 3,1 2,1
1,1 2,3 2,1 3,1 2,3 2,1
1,1 2,3 2,3 2,1 2,3 3,1
1,1 2,3 2,3 3,1 3,1 2,1
2,1 2,3 3,2
12 #CNA trees
1,1 2,1 1,1 2,3 1,1 3,2
1,1 2,1 1,1 2,3 2,1 3,2
1,1 2,1 1,1 2,3 2,3 3,2
1,1 2,1 1,1 3,2 3,2 2,3
1,1 2,1 2,1 2,3 2,1 3,2
1,1 2,1 2,1 2,3 2,3 3,2
1,1 2,1 2,1 3,2 3,2 2,3
1,1 2,3 1,1 3,2 3,2 2,1
1,1 2,3 2,1 3,2 2,3 2,1
1,1 2,3 2,3 2,1 2,3 3,2
1,1 2,3 2,3 3,2 3,2 2,1
1,1 3,2 3,2 2,1 3,2 2,3
2,1 2,3 3,3
10 #CNA trees
1,1 2,1 1,1 2,3 1,1 3,3
1,1 2,1 1,1 2,3 2,1 3,3
1,1 2,1 1,1 2,3 2,3 3,3
1,1 2,1 1,1 3,3 3,3 2,3
1,1 2,1 2,1 2,3 2,1 3,3
1,1 2,1 2,1 2,3 2,3 3,3
1,1 2,1 2,1 3,3 3,3 2,3
1,1 2,3 2,1 3,3 2,3 2,1
1,1 2,3 2,3 2,1 2,3 3,3
1,1 2,3 2,3 3,3 3,3 2,1
2,1 3,0 3,1
3 #CNA trees
1,1 2,1 1,1 3,0 2,1 3,1
1,1 2,1 2,1 3,0 2,1 3,1
1,1 2,1 2,1 3,1 3,1 3,0
2,1 3,0 3,2
9 #CNA trees
1,1 2,1 1,1 3,0 1,1 3,2
1,1 2,1 1,1 3,0 2,1 3,2
1,1 2,1 1,1 3,2 2,1 3,0
1,1 2,1 1,1 3,2 3,2 3,0
1,1 2,1 2,1 3,0 2,1 3,2
1,1 2,1 2,1 3,2 3,2 3,0
1,1 3,0 1,1 3,2 3,2 2,1
1,1 3,2 2,1 3,0 3,2 2,1
1,1 3,2 3,2 2,1 3,2 3,0
2,1 3,0 3,3
9 #CNA trees
1,1 2,1 1,1 3,0 1,1 3,3
1,1 2,1 1,1 3,0 2,1 3,3
1,1 2,1 1,1 3,3 2,1 3,0
1,1 2,1 1,1 3,3 3,3 3,0
1,1 2,1 2,1 3,0 2,1 3,3
1,1 2,1 2,1 3,3 3,3 3,0
1,1 3,0 1,1 3,3 3,3 2,1
1,1 3,3 2,1 3,0 3,3 2,1
1,1 3,3 3,3 2,1 3,3 3,0
2,1 3,1 3,2
6 #CNA trees
1,1 2,1 1,1 3,2 2,1 3,1
1,1 2,1 1,1 3,2 3,2 3,1
1,1 2,1 2,1 3,1 2,1 3,2
1,1 2,1 2,1 3,1 3,1 3,2
1,1 2,1 2,1 3,2 3,2 3,1
1,1 3,2 3,1 2,1 3,2 3,1
2,1 3,1 3,3
10 #CNA trees
1,1 2,1 1,1 3,1 1,1 3,3
1,1 2,1 1,1 3,3 2,1 3,1
1,1 2,1 1,1 3,3 3,3 3,1
1,1 2,1 2,1 3,1 2,1 3,3
1,1 2,1 2,1 3,1 3,1 3,3
1,1 2,1 2,1 3,3 3,3 3,1
1,1 3,1 1,1 3,3 3,1 2,1
1,1 3,3 2,1 3,1 3,3 2,1
1,1 3,3 3,1 2,1 3,3 3,1
1,1 3,3 3,3 2,1 3,3 3,1
2,1 3,2 3,3
10 #CNA trees
1,1 2,1 1,1 3,2 1,1 3,3
1,1 2,1 1,1 3,2 3,2 3,3
1,1 2,1 1,1 3,3 2,1 3,2
1,1 2,1 1,1 3,3 3,3 3,2
1,1 2,1 2,1 3,2 2,1 3,3
1,1 2,1 2,1 3,2 3,2 3,3
1,1 2,1 2,1 3,3 3,3 3,2
1,1 3,2 1,1 3,3 3,2 2,1
1,1 3,2 3,2 2,1 3,2 3,3
1,1 3,3 3,2 2,1 3,3 3,2
2,2 2,3 3,0
9 #CNA trees
1,1 2,2 1,1 2,3 1,1 3,0
1,1 2,2 1,1 2,3 2,2 3,0
1,1 2,2 1,1 2,3 2,3 3,0
1,1 2,2 1,1 3,0 2,2 2,3
1,1 2,2 2,2 2,3 2,2 3,0
1,1 2,2 2,2 2,3 2,3 3,0
1,1 2,3 1,1 3,0 2,3 2,2
1,1 2,3 2,2 3,0 2,3 2,2
1,1 2,3 2,3 2,2 2,3 3,0
2,2 2,3 3,1
16 #CNA trees
1,1 2,2 1,1 2,3 1,1 3,1
1,1 2,2 1,1 2,3 2,2 3,1
1,1 2,2 1,1 2,3 2,3 3,1
1,1 2,2 1,1 3,1 2,2 2,3
1,1 2,2 1,1 3,1 3,1 2,3
1,1 2,2 2,2 2,3 2,2 3,1
1,1 2,2 2,2 2,3 2,3 3,1
1,1 2,2 2,2 3,1 3,1 2,3
1,1 2,3 1,1 3,1 2,3 2,2
1,1 2,3 1,1 3,1 3,1 2,2
1,1 2,3 2,2 3,1 2,3 2,2
1,1 2,3 2,3 2,2 2,3 3,1
1,1 2,3 2,3 3,1 3,1 2,2
1,1 3,1 2,2 2,3 3,1 2,2
1,1 3,1 2,3 2,2 3,1 2,3
1,1 3,1 3,1 2,2 3,1 2,3
2,2 2,3 3,2
16 #CNA trees
1,1 2,2 1,1 2,3 1,1 3,2
1,1 2,2 1,1 2,3 2,2 3,2
1,1 2,2 1,1 2,3 2,3 3,2
1,1 2,2 1,1 3,2 2,2 2,3
1,1 2,2 1,1 3,2 3,2 2,3
1,1 2,2 2,2 2,3 2,2 3,2
1,1 2,2 2,2 2,3 2,3 3,2
1,1 2,2 2,2 3,2 3,2 2,3
1,1 2,3 1,1 3,2 2,3 2,2
1,1 2,3 1,1 3,2 3,2 2,2
1,1 2,3 2,2 3,2 2,3 2,2
1,1 2,3 2,3 2,2 2,3 3,2
1,1 2,3 2,3 3,2 3,2 2,2
1,1 3,2 2,2 2,3 3,2 2,2
1,1 3,2 2,3 2,2 3,2 2,3
1,1 3,2 3,2 2,2 3,2 2,3
2,2 2,3 3,3
13 #CNA trees
1,1 2,2 1,1 2,3 1,1 3,3
1,1 2,2 1,1 2,3 2,2 3,3
1,1 2,2 1,1 2,3 2,3 3,3
1,1 2,2 1,1 3,3 2,2 2,3
1,1 2,2 1,1 3,3 3,3 2,3
1,1 2,2 2,2 2,3 2,2 3,3
1,1 2,2 2,2 2,3 2,3 3,3
1,1 2,2 2,2 3,3 3,3 2,3
1,1 2,3 1,1 3,3 2,3 2,2
1,1 2,3 2,2 3,3 2,3 2,2
1,1 2,3 2,3 2,2 2,3 3,3
1,1 2,3 2,3 3,3 3,3 2,2
1,1 3,3 2,3 2,2 3,3 2,3
2,2 3,0 3,1
7 #CNA trees
1,1 2,2 1,1 3,0 1,1 3,1
1,1 2,2 1,1 3,0 2,2 3,1
1,1 2,2 1,1 3,1 3,1 3,0
1,1 2,2 2,2 3,0 2,2 3,1
1,1 2,2 2,2 3,1 3,1 3,0
1,1 3,0 1,1 3,1 3,1 2,2
1,1 3,1 3,1 2,2 3,1 3,0
2,2 3,0 3,2
5 #CNA trees
1,1 2,2 1,1 3,0 1,1 3,2
1,1 2,2 1,1 3,0 2,2 3,2
1,1 2,2 2,2 3,0 2,2 3,2
1,1 2,2 2,2 3,2 3,2 3,0
1,1 3,0 1,1 3,2 3,2 2,2
2,2 3,0 3,3
9 #CNA trees
1,1 2,2 1,1 3,0 1,1 3,3
1,1 2,2 1,1 3,0 2,2 3,3
1,1 2,2 1,1 3,3 2,2 3,0
1,1 2,2 1,1 3,3 3,3 3,0
1,1 2,2 2,2 3,0 2,2 3,3
1,1 2,2 2,2 3,3 3,3 3,0
1,1 3,0 1,1 3,3 3,3 2,2
1,1 3,3 2,2 3,0 3,3 2,2
1,1 3,3 3,3 2,2 3,3 3,0
2,2 3,1 3,2
6 #CNA trees
1,1 2,2 1,1 3,1 2,2 3,2
1,1 2,2 1,1 3,1 3,1 3,2
1,1 2,2 2,2 3,1 2,2 3,2
1,1 2,2 2,2 3,1 3,1 3,2
1,1 2,2 2,2 3,2 3,2 3,1
1,1 3,1 3,1 3,2 3,2 2,2
2,2 3,1 3,3
16 #CNA trees
1,1 2,2 1,1 3,1 1,1 3,3
1,1 2,2 1,1 3,1 2,2 3,3
1,1 2,2 1,1 3,1 3,1 3,3
1,1 2,2 1,1 3,3 2,2 3,1
1,1 2,2 1,1 3,3 3,3 3,1
1,1 2,2 2,2 3,1 2,2 3,3
1,1 2,2 2,2 3,1 3,1 3,3
1,1 2,2 2,2 3,3 3,3 3,1
1,1 3,1 1,1 3,3 3,1 2,2
1,1 3,1 1,1 3,3 3,3 2,2
1,1 3,1 2,2 3,3 3,1 2,2
1,1 3,1 3,1 2,2 3,1 3,3
1,1 3,1 3,1 3,3 3,3 2,2
1,1 3,3 2,2 3,1 3,3 2,2
1,1 3,3 3,1 2,2 3,3 3,1
1,1 3,3 3,3 2,2 3,3 3,1
2,2 3,2 3,3
13 #CNA trees
1,1 2,2 1,1 3,2 1,1 3,3
1,1 2,2 1,1 3,2 2,2 3,3
1,1 2,2 1,1 3,2 3,2 3,3
1,1 2,2 1,1 3,3 2,2 3,2
1,1 2,2 1,1 3,3 3,3 3,2
1,1 2,2 2,2 3,2 2,2 3,3
1,1 2,2 2,2 3,2 3,2 3,3
1,1 2,2 2,2 3,3 3,3 3,2
1,1 3,2 1,1 3,3 3,2 2,2
1,1 3,2 2,2 3,3 3,2 2,2
1,1 3,2 3,2 2,2 3,2 3,3
1,1 3,2 3,2 3,3 3,3 2,2
1,1 3,3 3,2 2,2 3,3 3,2
2,3 3,0 3,1
7 #CNA trees
1,1 2,3 1,1 3,0 1,1 3,1
1,1 2,3 1,1 3,0 2,3 3,1
1,1 2,3 1,1 3,1 3,1 3,0
1,1 2,3 2,3 3,0 2,3 3,1
1,1 2,3 2,3 3,1 3,1 3,0
1,1 3,0 1,1 3,1 3,1 2,3
1,1 3,1 3,1 2,3 3,1 3,0
2,3 3,0 3,2
7 #CNA trees
1,1 2,3 1,1 3,0 1,1 3,2
1,1 2,3 1,1 3,0 2,3 3,2
1,1 2,3 1,1 3,2 3,2 3,0
1,1 2,3 2,3 3,0 2,3 3,2
1,1 2,3 2,3 3,2 3,2 3,0
1,1 3,0 1,1 3,2 3,2 2,3
1,1 3,2 3,2 2,3 3,2 3,0
2,3 3,0 3,3
5 #CNA trees
1,1 2,3 1,1 3,0 1,1 3,3
1,1 2,3 1,1 3,0 2,3 3,3
1,1 2,3 2,3 3,0 2,3 3,3
1,1 2,3 2,3 3,3 3,3 3,0
1,1 3,0 1,1 3,3 3,3 2,3
2,3 3,1 3,2
10 #CNA trees
1,1 2,3 1,1 3,1 1,1 3,2
1,1 2,3 1,1 3,1 2,3 3,2
1,1 2,3 1,1 3,1 3,1 3,2
1,1 2,3 1,1 3,2 3,2 3,1
1,1 2,3 2,3 3,1 2,3 3,2
1,1 2,3 2,3 3,1 3,1 3,2
1,1 2,3 2,3 3,2 3,2 3,1
1,1 3,1 1,1 3,2 3,2 2,3
1,1 3,1 3,1 3,2 3,2 2,3
1,1 3,2 3,2 2,3 3,2 3,1
2,3 3,1 3,3
10 #CNA trees
1,1 2,3 1,1 3,1 1,1 3,3
1,1 2,3 1,1 3,1 2,3 3,3
1,1 2,3 1,1 3,1 3,1 3,3
1,1 2,3 2,3 3,1 2,3 3,3
1,1 2,3 2,3 3,1 3,1 3,3
1,1 2,3 2,3 3,3 3,3 3,1
1,1 3,1 1,1 3,3 3,3 2,3
1,1 3,1 2,3 3,3 3,1 2,3
1,1 3,1 3,1 2,3 3,1 3,3
1,1 3,1 3,1 3,3 3,3 2,3
2,3 3,2 3,3
8 #CNA trees
1,1 2,3 1,1 3,2 2,3 3,3
1,1 2,3 1,1 3,2 3,2 3,3
1,1 2,3 2,3 3,2 2,3 3,3
1,1 2,3 2,3 3,2 3,2 3,3
1,1 2,3 2,3 3,3 3,3 3,2
1,1 3,2 2,3 3,3 3,2 2,3
1,1 3,2 3,2 2,3 3,2 3,3
1,1 3,2 3,2 3,3 3,3 2,3
3,0 3,1 3,2
6 #CNA trees
1,1 3,0 1,1 3,1 1,1 3,2
1,1 3,0 1,1 3,1 3,1 3,2
1,1 3,0 1,1 3,2 3,2 3,1
1,1 3,1 1,1 3,2 3,1 3,0
1,1 3,1 3,1 3,0 3,1 3,2
1,1 3,2 3,1 3,0 3,2 3,1
3,0 3,1 3,3
7 #CNA trees
1,1 3,0 1,1 3,1 1,1 3,3
1,1 3,0 1,1 3,1 3,1 3,3
1,1 3,0 1,1 3,3 3,3 3,1
1,1 3,1 1,1 3,3 3,1 3,0
1,1 3,1 3,1 3,0 3,1 3,3
1,1 3,3 3,1 3,0 3,3 3,1
1,1 3,3 3,3 3,0 3,3 3,1
3,0 3,2 3,3
6 #CNA trees
1,1 3,0 1,1 3,2 1,1 3,3
1,1 3,0 1,1 3,2 3,2 3,3
1,1 3,0 1,1 3,3 3,3 3,2
1,1 3,2 1,1 3,3 3,2 3,0
1,1 3,2 3,2 3,0 3,2 3,3
1,1 3,3 3,2 3,0 3,3 3,2
3,1 3,2 3,3
8 #CNA trees
1,1 3,1 1,1 3,2 1,1 3,3
1,1 3,1 1,1 3,2 3,2 3,3
1,1 3,1 1,1 3,3 3,1 3,2
1,1 3,1 1,1 3,3 3,3 3,2
1,1 3,1 3,1 3,2 3,2 3,3
1,1 3,2 1,1 3,3 3,2 3,1
1,1 3,2 3,2 3,1 3,2 3,3
1,1 3,3 3,2 3,1 3,3 3,2
