36 #copynumber_states
0,0 0,1
2 #CNA trees
0,1 0,0 1,1 0,1
1,1 0,0 1,1 0,1
0,0 0,2
2 #CNA trees
0,2 0,0 1,1 0,2
1,1 0,0 1,1 0,2
0,0 1,0
2 #CNA trees
1,0 0,0 1,1 1,0
1,1 0,0 1,1 1,0
0,0 1,1
1 #CNA trees
1,1 0,0
0,0 1,2
2 #CNA trees
1,1 0,0 1,1 1,2
1,1 1,2 1,2 0,0
0,0 2,0
2 #CNA trees
1,1 0,0 1,1 2,0
1,1 2,0 2,0 0,0
0,0 2,1
2 #CNA trees
1,1 0,0 1,1 2,1
1,1 2,1 2,1 0,0
0,0 2,2
2 #CNA trees
1,1 0,0 1,1 2,2
1,1 2,2 2,2 0,0
0,1 0,2
3 #CNA trees
0,1 0,2 1,1 0,1
0,2 0,1 1,1 0,2
1,1 0,1 1,1 0,2
0,1 1,0
1 #CNA trees
1,1 0,1 1,1 1,0
0,1 1,1
1 #CNA trees
1,1 0,1
0,1 1,2
2 #CNA trees
1,1 0,1 1,1 1,2
1,1 1,2 1,2 0,1
0,1 2,0
1 #CNA trees
1,1 0,1 1,1 2,0
0,1 2,1
1 #CNA trees
1,1 0,1 1,1 2,1
0,1 2,2
2 #CNA trees
1,1 0,1 1,1 2,2
1,1 2,2 2,2 0,1
0,2 1,0
1 #CNA trees
1,1 0,2 1,1 1,0
0,2 1,1
1 #CNA trees
1,1 0,2
0,2 1,2
2 #CNA trees
1,1 0,2 1,1 1,2
1,1 1,2 1,2 0,2
0,2 2,0
1 #CNA trees
1,1 0,2 1,1 2,0
0,2 2,1
2 #CNA trees
1,1 0,2 1,1 2,1
1,1 2,1 2,1 0,2
0,2 2,2
2 #CNA trees
1,1 0,2 1,1 2,2
1,1 2,2 2,2 0,2
1,0 1,1
1 #CNA trees
1,1 1,0
1,0 1,2
1 #CNA trees
1,1 1,0 1,1 1,2
1,0 2,0
3 #CNA trees
1,0 2,0 1,1 1,0
1,1 1,0 1,1 2,0
1,1 2,0 2,0 1,0
1,0 2,1
2 #CNA trees
1,1 1,0 1,1 2,1
1,1 2,1 2,1 1,0
1,0 2,2
2 #CNA trees
1,1 1,0 1,1 2,2
1,1 2,2 2,2 1,0
1,1 1,2
1 #CNA trees
1,1 1,2
1,1 2,0
1 #CNA trees
1,1 2,0
1,1 2,1
1 #CNA trees
1,1 2,1
1,1 2,2
1 #CNA trees
1,1 2,2
1,2 2,0
2 #CNA trees
1,1 1,2 1,1 2,0
1,1 1,2 1,2 2,0
1,2 2,1
3 #CNA trees
1,1 1,2 1,1 2,1
1,1 1,2 1,2 2,1
1,1 2,1 2,1 1,2
1,2 2,2
3 #CNA trees
1,1 1,2 1,1 2,2
1,1 1,2 1,2 2,2
1,1 2,2 2,2 1,2
2,0 2,1
2 #CNA trees
1,1 2,0 1,1 2,1
1,1 2,1 2,1 2,0
2,0 2,2
2 #CNA trees
1,1 2,0 1,1 2,2
1,1 2,2 2,2 2,0
2,1 2,2
3 #CNA trees
1,1 2,1 1,1 2,2
1,1 2,1 2,1 2,2
1,1 2,2 2,2 2,1
